4, 5, 6, 7, 0, 0, 0, 0, 0, 0, 0, 0
8, 9, 10, 11, 5, 12, 6, 13, 0, 0, 0, 0
14, 5, 0, 0, 0, 0, 0, 0, 0, 0, 0, 0
9, 14, 12, 6, 15, 0, 0, 0, 0, 0, 0, 0
21, 22, 23, 24, 25, 0, 0, 0, 0, 0, 0, 0
26, 27, 28, 29, 6, 30, 25, 0, 0, 0, 0, 0
31, 32, 31, 6, 33, 0, 0, 0, 0, 0, 0, 0
34, 35, 36, 36, 37, 0, 0, 0, 0, 0, 0, 0
38, 27, 39, 40, 41, 0, 0, 0, 0, 0, 0, 0
42, 25, 43, 6, 25, 44, 0, 0, 0, 0, 0, 0
38, 45, 46, 47, 48, 49, 0, 0, 0, 0, 0, 0
8, 9, 10, 52, 48, 0, 0, 0, 0, 0, 0, 0
31, 55, 56, 47, 25, 0, 0, 0, 0, 0, 0, 0
31, 57, 6, 58, 0, 0, 0, 0, 0, 0, 0, 0
59, 25, 60, 0, 0, 0, 0, 0, 0, 0, 0, 0
9, 61, 62, 0, 0, 0, 0, 0, 0, 0, 0, 0
14, 22, 54, 63, 40, 0, 0, 0, 0, 0, 0, 0
64, 66, 14, 0, 0, 0, 0, 0, 0, 0, 0, 0
26, 55, 27, 28, 29, 6, 30, 25, 0, 0, 0, 0
9, 31, 40, 67, 68, 0, 0, 0, 0, 0, 0, 0
31, 69, 25, 0, 0, 0, 0, 0, 0, 0, 0, 0
70, 14, 71, 0, 0, 0, 0, 0, 0, 0, 0, 0
72, 73, 6, 74, 0, 0, 0, 0, 0, 0, 0, 0
53, 75, 14, 76, 0, 0, 0, 0, 0, 0, 0, 0
55, 38, 25, 0, 0, 0, 0, 0, 0, 0, 0, 0
55, 77, 6, 78, 0, 0, 0, 0, 0, 0, 0, 0
79, 55, 60, 0, 0, 0, 0, 0, 0, 0, 0, 0
55, 32, 48, 0, 0, 0, 0, 0, 0, 0, 0, 0
52, 14, 48, 40, 81, 0, 0, 0, 0, 0, 0, 0
9, 82, 25, 0, 0, 0, 0, 0, 0, 0, 0, 0
83, 84, 85, 0, 0, 0, 0, 0, 0, 0, 0, 0
88, 89, 40, 90, 25, 0, 0, 0, 0, 0, 0, 0
55, 53, 22, 47, 25, 0, 0, 0, 0, 0, 0, 0
69, 25, 53, 32, 85, 91, 0, 0, 0, 0, 0, 0
55, 55, 32, 40, 25, 0, 0, 0, 0, 0, 0, 0
34, 45, 38, 6, 36, 36, 0, 0, 0, 0, 0, 0
31, 95, 25, 96, 6, 25, 25, 25, 0, 0, 0, 0
97, 98, 35, 6, 99, 100, 0, 0, 0, 0, 0, 0
55, 55, 101, 55, 55, 102, 47, 103, 6, 40, 67, 25
4, 106, 107, 16, 108, 0, 0, 0, 0, 0, 0, 0
9, 55, 26, 109, 6, 110, 0, 0, 0, 0, 0, 0
83, 55, 76, 101, 76, 0, 0, 0, 0, 0, 0, 0
55, 35, 47, 25, 25, 0, 0, 0, 0, 0, 0, 0
111, 112, 45, 48, 48, 0, 0, 0, 0, 0, 0, 0
55, 113, 48, 49, 40, 114, 0, 0, 0, 0, 0, 0
47, 33, 109, 40, 25, 0, 0, 0, 0, 0, 0, 0
115, 112, 116, 117, 85, 0, 0, 0, 0, 0, 0, 0
111, 118, 119, 120, 48, 0, 0, 0, 0, 0, 0, 0
69, 25, 121, 6, 122, 85, 0, 0, 0, 0, 0, 0
31, 114, 25, 123, 124, 85, 0, 0, 0, 0, 0, 0
125, 25, 126, 48, 48, 0, 0, 0, 0, 0, 0, 0
31, 127, 25, 128, 129, 130, 0, 0, 0, 0, 0, 0
82, 29, 25, 131, 47, 90, 25, 0, 0, 0, 0, 0
31, 132, 25, 133, 40, 63, 132, 0, 0, 0, 0, 0
134, 55, 135, 31, 136, 0, 0, 0, 0, 0, 0, 0
72, 137, 89, 40, 90, 25, 0, 0, 0, 0, 0, 0
55, 55, 45, 6, 138, 74, 0, 0, 0, 0, 0, 0
55, 55, 139, 140, 141, 0, 0, 0, 0, 0, 0, 0
55, 55, 139, 66, 31, 142, 6, 143, 25, 144, 0, 0
100, 131, 40, 145, 146, 40, 0, 0, 0, 0, 0, 0
31, 25, 25, 60, 6, 40, 74, 150, 0, 0, 0, 0
151, 55, 35, 85, 40, 90, 0, 0, 0, 0, 0, 0
21, 101, 31, 152, 47, 33, 130, 0, 0, 0, 0, 0
55, 55, 116, 40, 153, 25, 6, 25, 44, 0, 0, 0
4, 154, 75, 6, 7, 0, 0, 0, 0, 0, 0, 0
112, 5, 155, 6, 156, 157, 0, 0, 0, 0, 0, 0
159, 160, 161, 40, 162, 6, 38, 0, 0, 0, 0, 0
55, 55, 163, 47, 36, 0, 0, 0, 0, 0, 0, 0
38, 27, 164, 36, 40, 25, 0, 0, 0, 0, 0, 0
112, 112, 165, 6, 166, 25, 0, 0, 0, 0, 0, 0
55, 35, 48, 6, 63, 25, 0, 0, 0, 0, 0, 0
55, 55, 165, 66, 25, 6, 38, 0, 0, 0, 0, 0
38, 27, 47, 153, 100, 0, 0, 0, 0, 0, 0, 0
169, 35, 170, 25, 0, 0, 0, 0, 0, 0, 0, 0
31, 171, 31, 172, 38, 0, 0, 0, 0, 0, 0, 0
31, 30, 52, 173, 6, 156, 174, 0, 0, 0, 0, 0
175, 119, 47, 36, 40, 38, 0, 0, 0, 0, 0, 0
31, 128, 99, 40, 40, 176, 0, 0, 0, 0, 0, 0
38, 32, 47, 47, 40, 40, 25, 0, 0, 0, 0, 0
55, 55, 119, 177, 90, 178, 0, 0, 0, 0, 0, 0
38, 35, 40, 47, 38, 0, 0, 0, 0, 0, 0, 0
38, 179, 6, 25, 0, 0, 0, 0, 0, 0, 0, 0
31, 25, 25, 38, 0, 0, 0, 0, 0, 0, 0, 0
112, 118, 35, 48, 180, 40, 100, 0, 0, 0, 0, 0
38, 35, 181, 40, 173, 40, 25, 0, 0, 0, 0, 0
55, 101, 55, 6, 63, 25, 0, 0, 0, 0, 0, 0
38, 119, 85, 182, 40, 63, 25, 0, 0, 0, 0, 0
31, 183, 27, 184, 185, 48, 0, 0, 0, 0, 0, 0
38, 35, 88, 47, 48, 186, 0, 0, 0, 0, 0, 0
55, 55, 22, 85, 85, 6, 38, 0, 0, 0, 0, 0
169, 55, 45, 187, 38, 48, 0, 0, 0, 0, 0, 0
143, 2, 131, 40, 25, 25, 0, 0, 0, 0, 0, 0
38, 101, 38, 6, 188, 189, 25, 0, 0, 0, 0, 0
55, 55, 22, 47, 25, 36, 130, 0, 0, 0, 0, 0
97, 55, 119, 190, 25, 40, 0, 0, 0, 0, 0, 0
38, 131, 191, 38, 40, 38, 0, 0, 0, 0, 0, 0
173, 27, 192, 193, 40, 25, 0, 0, 0, 0, 0, 0
38, 27, 6, 40, 25, 25, 0, 0, 0, 0, 0, 0
38, 109, 6, 193, 38, 40, 25, 0, 0, 0, 0, 0
125, 25, 32, 48, 47, 25, 40, 25, 0, 0, 0, 0
194, 112, 163, 36, 36, 47, 100, 0, 0, 0, 0, 0
195, 101, 38, 196, 197, 40, 25, 44, 0, 0, 0, 0
198, 55, 131, 36, 38, 0, 0, 0, 0, 0, 0, 0
55, 55, 109, 47, 199, 6, 88, 0, 0, 0, 0, 0
200, 25, 22, 47, 38, 201, 0, 0, 0, 0, 0, 0
31, 35, 23, 47, 202, 0, 0, 0, 0, 0, 0, 0
31, 32, 40, 63, 25, 0, 0, 0, 0, 0, 0, 0
55, 96, 40, 203, 38, 0, 0, 0, 0, 0, 0, 0
69, 40, 204, 165, 47, 25, 6, 173, 0, 0, 0, 0
38, 27, 140, 85, 85, 0, 0, 0, 0, 0, 0, 0
205, 55, 161, 177, 206, 6, 146, 0, 0, 0, 0, 0
207, 112, 27, 38, 208, 0, 0, 0, 0, 0, 0, 0
47, 25, 25, 52, 38, 40, 6, 100, 0, 0, 0, 0
209, 47, 47, 38, 0, 0, 0, 0, 0, 0, 0, 0
55, 139, 40, 38, 0, 0, 0, 0, 0, 0, 0, 0
47, 40, 75, 47, 36, 36, 0, 0, 0, 0, 0, 0
31, 210, 187, 47, 171, 0, 0, 0, 0, 0, 0, 0
211, 27, 47, 212, 25, 0, 0, 0, 0, 0, 0, 0
55, 55, 213, 47, 36, 36, 0, 0, 0, 0, 0, 0
214, 55, 35, 48, 215, 48, 0, 0, 0, 0, 0, 0
184, 45, 38, 38, 40, 0, 0, 0, 0, 0, 0, 0
207, 216, 35, 47, 47, 217, 0, 0, 0, 0, 0, 0
218, 131, 47, 219, 25, 0, 0, 0, 0, 0, 0, 0
112, 220, 170, 36, 36, 0, 0, 0, 0, 0, 0, 0
38, 35, 40, 63, 221, 36, 36, 130, 0, 0, 0, 0
38, 222, 85, 85, 47, 25, 0, 0, 0, 0, 0, 0
55, 55, 32, 40, 40, 203, 38, 0, 0, 0, 0, 0
223, 121, 224, 219, 100, 48, 0, 0, 0, 0, 0, 0
225, 56, 47, 40, 226, 6, 38, 0, 0, 0, 0, 0
198, 119, 47, 227, 25, 25, 0, 0, 0, 0, 0, 0
38, 32, 47, 38, 38, 100, 0, 0, 0, 0, 0, 0
228, 40, 213, 40, 229, 0, 0, 0, 0, 0, 0, 0
211, 109, 38, 40, 230, 6, 25, 0, 0, 0, 0, 0
38, 27, 231, 136, 232, 0, 0, 0, 0, 0, 0, 0
55, 55, 22, 40, 233, 25, 0, 0, 0, 0, 0, 0
38, 109, 85, 40, 234, 25, 0, 0, 0, 0, 0, 0
235, 236, 22, 6, 25, 6, 100, 0, 0, 0, 0, 0
237, 238, 161, 239, 48, 0, 0, 0, 0, 0, 0, 0
100, 96, 240, 241, 25, 0, 0, 0, 0, 0, 0, 0
242, 243, 121, 40, 156, 174, 0, 0, 0, 0, 0, 0
205, 55, 35, 141, 141, 0, 0, 0, 0, 0, 0, 0
100, 22, 48, 142, 48, 0, 0, 0, 0, 0, 0, 0
38, 119, 40, 25, 0, 0, 0, 0, 0, 0, 0, 0
38, 161, 38, 6, 63, 38, 0, 0, 0, 0, 0, 0
55, 55, 32, 47, 244, 25, 0, 0, 0, 0, 0, 0
38, 35, 40, 25, 6, 25, 44, 0, 0, 0, 0, 0
55, 55, 52, 47, 40, 38, 0, 0, 0, 0, 0, 0
55, 55, 32, 38, 40, 63, 38, 0, 0, 0, 0, 0
97, 55, 139, 47, 245, 38, 0, 0, 0, 0, 0, 0
55, 55, 116, 246, 38, 0, 0, 0, 0, 0, 0, 0
247, 25, 25, 22, 6, 40, 25, 0, 0, 0, 0, 0
38, 161, 6, 248, 40, 36, 38, 0, 0, 0, 0, 0
195, 139, 40, 249, 38, 0, 0, 0, 0, 0, 0, 0
100, 163, 6, 40, 40, 25, 38, 0, 0, 0, 0, 0
38, 109, 47, 250, 36, 36, 0, 0, 0, 0, 0, 0
38, 75, 38, 251, 252, 25, 0, 0, 0, 0, 0, 0
31, 206, 38, 40, 0, 0, 0, 0, 0, 0, 0, 0
38, 116, 253, 48, 40, 100, 0, 0, 0, 0, 0, 0
38, 163, 48, 47, 36, 130, 0, 0, 0, 0, 0, 0
55, 35, 48, 48, 6, 100, 0, 0, 0, 0, 0, 0
55, 55, 31, 40, 25, 25, 0, 0, 0, 0, 0, 0
38, 35, 38, 6, 63, 38, 0, 0, 0, 0, 0, 0
195, 32, 40, 254, 47, 255, 160, 0, 0, 0, 0, 0
38, 126, 40, 234, 88, 0, 0, 0, 0, 0, 0, 0
38, 27, 191, 40, 25, 6, 25, 44, 0, 0, 0, 0
38, 139, 256, 257, 0, 0, 0, 0, 0, 0, 0, 0
31, 25, 131, 47, 0, 0, 0, 0, 0, 0, 0, 0
38, 131, 231, 38, 0, 0, 0, 0, 0, 0, 0, 0
69, 25, 161, 6, 258, 171, 0, 0, 0, 0, 0, 0
55, 35, 38, 160, 0, 0, 0, 0, 0, 0, 0, 0
73, 55, 116, 31, 48, 6, 38, 0, 0, 0, 0, 0
38, 131, 259, 6, 40, 25, 0, 0, 0, 0, 0, 0
38, 119, 38, 40, 172, 47, 36, 0, 0, 0, 0, 0
100, 165, 48, 6, 36, 260, 0, 0, 0, 0, 0, 0
242, 25, 119, 261, 262, 0, 0, 0, 0, 0, 0, 0
263, 264, 38, 6, 153, 25, 265, 0, 0, 0, 0, 0
266, 267, 268, 48, 48, 0, 0, 0, 0, 0, 0, 0
31, 161, 48, 48, 6, 40, 0, 0, 0, 0, 0, 0
55, 163, 48, 48, 6, 25, 0, 0, 0, 0, 0, 0
69, 25, 126, 40, 171, 6, 25, 0, 0, 0, 0, 0
38, 269, 40, 40, 0, 0, 0, 0, 0, 0, 0, 0
38, 35, 6, 270, 25, 40, 25, 0, 0, 0, 0, 0
100, 119, 40, 38, 6, 138, 47, 0, 0, 0, 0, 0
271, 171, 32, 47, 25, 0, 0, 0, 0, 0, 0, 0
31, 25, 113, 272, 6, 38, 0, 0, 0, 0, 0, 0
38, 32, 36, 130, 6, 173, 0, 0, 0, 0, 0, 0
55, 55, 165, 47, 25, 0, 0, 0, 0, 0, 0, 0
72, 31, 219, 25, 0, 0, 0, 0, 0, 0, 0, 0
83, 55, 165, 85, 141, 0, 0, 0, 0, 0, 0, 0
55, 35, 38, 114, 0, 0, 0, 0, 0, 0, 0, 0
31, 25, 5, 112, 0, 0, 0, 0, 0, 0, 0, 0
8, 9, 48, 271, 81, 0, 0, 0, 0, 0, 0, 0
55, 273, 27, 48, 48, 0, 0, 0, 0, 0, 0, 0
8, 9, 48, 48, 179, 0, 0, 0, 0, 0, 0, 0
38, 131, 252, 25, 38, 25, 0, 0, 0, 0, 0, 0
55, 6, 25, 25, 0, 0, 0, 0, 0, 0, 0, 0
275, 6, 212, 114, 0, 0, 0, 0, 0, 0, 0, 0
31, 276, 25, 0, 0, 0, 0, 0, 0, 0, 0, 0
55, 278, 6, 40, 279, 0, 0, 0, 0, 0, 0, 0
4, 280, 6, 164, 0, 0, 0, 0, 0, 0, 0, 0
9, 6, 40, 281, 0, 0, 0, 0, 0, 0, 0, 0
4, 282, 6, 47, 0, 0, 0, 0, 0, 0, 0, 0
31, 132, 47, 47, 40, 0, 0, 0, 0, 0, 0, 0
31, 25, 131, 48, 0, 0, 0, 0, 0, 0, 0, 0
31, 6, 40, 25, 0, 0, 0, 0, 0, 0, 0, 0
31, 22, 6, 132, 0, 0, 0, 0, 0, 0, 0, 0
151, 31, 283, 0, 0, 0, 0, 0, 0, 0, 0, 0
59, 25, 6, 132, 0, 0, 0, 0, 0, 0, 0, 0
69, 25, 284, 0, 0, 0, 0, 0, 0, 0, 0, 0
83, 73, 85, 0, 0, 0, 0, 0, 0, 0, 0, 0
31, 285, 30, 0, 0, 0, 0, 0, 0, 0, 0, 0
9, 247, 286, 0, 0, 0, 0, 0, 0, 0, 0, 0
31, 112, 5, 0, 0, 0, 0, 0, 0, 0, 0, 0
287, 288, 116, 0, 0, 0, 0, 0, 0, 0, 0, 0
31, 112, 5, 0, 0, 0, 0, 0, 0, 0, 0, 0
31, 289, 6, 30, 0, 0, 0, 0, 0, 0, 0, 0
8, 9, 48, 112, 0, 0, 0, 0, 0, 0, 0, 0
31, 290, 291, 0, 0, 0, 0, 0, 0, 0, 0, 0
55, 292, 47, 0, 0, 0, 0, 0, 0, 0, 0, 0
6, 25, 61, 62, 6, 25, 0, 0, 0, 0, 0, 0
9, 112, 112, 0, 0, 0, 0, 0, 0, 0, 0, 0
293, 5, 40, 212, 136, 0, 0, 0, 0, 0, 0, 0
55, 220, 6, 290, 0, 0, 0, 0, 0, 0, 0, 0
38, 25, 210, 47, 25, 0, 0, 0, 0, 0, 0, 0
55, 79, 42, 6, 25, 0, 0, 0, 0, 0, 0, 0
62, 31, 25, 0, 0, 0, 0, 0, 0, 0, 0, 0
55, 294, 294, 0, 0, 0, 0, 0, 0, 0, 0, 0
55, 294, 62, 0, 0, 0, 0, 0, 0, 0, 0, 0
55, 295, 6, 25, 0, 0, 0, 0, 0, 0, 0, 0
79, 139, 296, 6, 25, 0, 0, 0, 0, 0, 0, 0
55, 297, 6, 40, 290, 0, 0, 0, 0, 0, 0, 0
55, 75, 48, 0, 0, 0, 0, 0, 0, 0, 0, 0
83, 55, 85, 0, 0, 0, 0, 0, 0, 0, 0, 0
83, 14, 85, 0, 0, 0, 0, 0, 0, 0, 0, 0
83, 62, 85, 0, 0, 0, 0, 0, 0, 0, 0, 0
83, 79, 85, 0, 0, 0, 0, 0, 0, 0, 0, 0
83, 55, 85, 0, 0, 0, 0, 0, 0, 0, 0, 0
6, 299, 300, 69, 36, 0, 0, 0, 0, 0, 0, 0
55, 55, 301, 302, 0, 0, 0, 0, 0, 0, 0, 0
303, 38, 304, 25, 0, 0, 0, 0, 0, 0, 0, 0
112, 52, 6, 171, 0, 0, 0, 0, 0, 0, 0, 0
69, 305, 306, 307, 6, 36, 156, 0, 0, 0, 0, 0
55, 264, 85, 308, 0, 0, 0, 0, 0, 0, 0, 0
309, 310, 311, 6, 171, 0, 0, 0, 0, 0, 0, 0
38, 131, 48, 142, 6, 312, 47, 313, 0, 0, 0, 0
314, 55, 109, 47, 38, 85, 0, 0, 0, 0, 0, 0
112, 315, 48, 6, 25, 25, 0, 0, 0, 0, 0, 0
97, 55, 22, 47, 36, 316, 40, 0, 0, 0, 0, 0
55, 55, 60, 6, 270, 25, 0, 0, 0, 0, 0, 0
55, 210, 40, 193, 38, 48, 0, 0, 0, 0, 0, 0
112, 32, 317, 40, 318, 0, 0, 0, 0, 0, 0, 0
31, 25, 113, 272, 38, 38, 0, 0, 0, 0, 0, 0
125, 25, 32, 47, 40, 38, 0, 0, 0, 0, 0, 0
38, 32, 38, 101, 100, 38, 40, 38, 0, 0, 0, 0
55, 55, 27, 47, 319, 320, 321, 0, 0, 0, 0, 0
38, 32, 322, 54, 38, 0, 0, 0, 0, 0, 0, 0
112, 161, 195, 40, 219, 40, 204, 0, 0, 0, 0, 0
55, 55, 109, 47, 270, 323, 38, 38, 0, 0, 0, 0
31, 304, 324, 32, 40, 25, 6, 38, 0, 0, 0, 0
55, 59, 138, 40, 30, 0, 0, 0, 0, 0, 0, 0
55, 52, 6, 40, 327, 328, 0, 0, 0, 0, 0, 0
209, 27, 330, 331, 47, 54, 38, 0, 0, 0, 0, 0
38, 119, 47, 38, 36, 332, 0, 0, 0, 0, 0, 0
97, 55, 35, 66, 25, 6, 145, 306, 0, 0, 0, 0
333, 334, 335, 318, 0, 0, 0, 0, 0, 0, 0, 0
55, 55, 336, 6, 171, 0, 0, 0, 0, 0, 0, 0
112, 112, 161, 47, 36, 54, 38, 0, 0, 0, 0, 0
38, 35, 337, 25, 54, 25, 0, 0, 0, 0, 0, 0
173, 27, 36, 36, 6, 25, 25, 0, 0, 0, 0, 0
38, 165, 253, 48, 38, 25, 0, 0, 0, 0, 0, 0
198, 55, 119, 6, 338, 339, 47, 191, 40, 171, 25, 0
195, 113, 340, 48, 6, 36, 36, 341, 0, 0, 0, 0
38, 126, 339, 36, 36, 40, 342, 38, 40, 0, 0, 0
55, 55, 22, 6, 40, 156, 156, 0, 0, 0, 0, 0
55, 128, 241, 4, 48, 0, 0, 0, 0, 0, 0, 0
343, 236, 344, 6, 345, 346, 0, 0, 0, 0, 0, 0
55, 52, 347, 348, 25, 6, 34, 0, 0, 0, 0, 0
55, 55, 128, 170, 36, 6, 38, 0, 0, 0, 0, 0
349, 350, 351, 6, 25, 0, 0, 0, 0, 0, 0, 0
349, 76, 117, 352, 0, 0, 0, 0, 0, 0, 0, 0
55, 55, 336, 46, 4, 353, 6, 38, 0, 0, 0, 0
31, 25, 6, 38, 32, 330, 25, 0, 0, 0, 0, 0
55, 53, 35, 354, 40, 318, 6, 38, 0, 0, 0, 0
55, 55, 53, 35, 354, 40, 318, 6, 38, 0, 0, 0
38, 109, 355, 25, 0, 0, 0, 0, 0, 0, 0, 0
112, 118, 222, 38, 356, 25, 0, 0, 0, 0, 0, 0
357, 114, 25, 121, 6, 358, 25, 0, 0, 0, 0, 0
209, 109, 40, 25, 40, 0, 0, 0, 0, 0, 0, 0
100, 359, 6, 40, 38, 40, 36, 0, 0, 0, 0, 0
38, 35, 47, 40, 36, 36, 0, 0, 0, 0, 0, 0
38, 45, 6, 37, 6, 38, 0, 0, 0, 0, 0, 0
38, 101, 38, 297, 47, 25, 0, 0, 0, 0, 0, 0
38, 45, 191, 40, 47, 360, 361, 0, 0, 0, 0, 0
31, 362, 25, 121, 363, 48, 0, 0, 0, 0, 0, 0
364, 112, 35, 365, 6, 38, 0, 0, 0, 0, 0, 0
38, 131, 47, 25, 366, 0, 0, 0, 0, 0, 0, 0
55, 6, 47, 220, 40, 40, 36, 0, 0, 0, 0, 0
55, 32, 367, 25, 6, 38, 0, 0, 0, 0, 0, 0
38, 32, 6, 258, 40, 193, 88, 0, 0, 0, 0, 0
31, 210, 368, 6, 63, 25, 0, 0, 0, 0, 0, 0
38, 45, 6, 346, 38, 38, 38, 0, 0, 0, 0, 0
31, 25, 25, 113, 40, 258, 25, 0, 0, 0, 0, 0
38, 109, 191, 204, 25, 40, 369, 36, 0, 0, 0, 0
100, 22, 48, 48, 0, 0, 0, 0, 0, 0, 0, 0
112, 135, 35, 40, 312, 25, 6, 38, 0, 0, 0, 0
55, 55, 163, 6, 36, 6, 21, 0, 0, 0, 0, 0
38, 119, 191, 25, 370, 40, 0, 0, 0, 0, 0, 0
38, 27, 47, 40, 36, 0, 0, 0, 0, 0, 0, 0
9, 55, 55, 126, 85, 85, 0, 0, 0, 0, 0, 0
9, 118, 118, 0, 0, 0, 0, 0, 0, 0, 0, 0
9, 112, 38, 0, 0, 0, 0, 0, 0, 0, 0, 0
9, 373, 75, 0, 0, 0, 0, 0, 0, 0, 0, 0
9, 374, 131, 38, 25, 0, 0, 0, 0, 0, 0, 0
9, 375, 119, 376, 0, 0, 0, 0, 0, 0, 0, 0
55, 109, 6, 37, 6, 36, 0, 0, 0, 0, 0, 0
235, 4, 377, 0, 0, 0, 0, 0, 0, 0, 0, 0
55, 55, 335, 25, 0, 0, 0, 0, 0, 0, 0, 0
6, 38, 112, 112, 0, 0, 0, 0, 0, 0, 0, 0
6, 25, 25, 40, 40, 0, 0, 0, 0, 0, 0, 0
40, 25, 112, 0, 0, 0, 0, 0, 0, 0, 0, 0
40, 25, 112, 0, 0, 0, 0, 0, 0, 0, 0, 0
263, 6, 40, 25, 32, 48, 0, 0, 0, 0, 0, 0
55, 59, 103, 25, 0, 0, 0, 0, 0, 0, 0, 0
31, 25, 25, 57, 0, 0, 0, 0, 0, 0, 0, 0
31, 103, 25, 112, 0, 0, 0, 0, 0, 0, 0, 0
55, 207, 378, 25, 0, 0, 0, 0, 0, 0, 0, 0
69, 25, 6, 40, 25, 40, 0, 0, 0, 0, 0, 0
69, 25, 6, 379, 25, 0, 0, 0, 0, 0, 0, 0
72, 47, 25, 0, 0, 0, 0, 0, 0, 0, 0, 0
72, 31, 40, 36, 0, 0, 0, 0, 0, 0, 0, 0
55, 6, 25, 25, 0, 0, 0, 0, 0, 0, 0, 0
55, 31, 25, 0, 0, 0, 0, 0, 0, 0, 0, 0
69, 25, 112, 112, 0, 0, 0, 0, 0, 0, 0, 0
83, 55, 76, 0, 0, 0, 0, 0, 0, 0, 0, 0
83, 55, 85, 0, 0, 0, 0, 0, 0, 0, 0, 0
83, 55, 6, 36, 380, 0, 0, 0, 0, 0, 0, 0
69, 25, 112, 0, 0, 0, 0, 0, 0, 0, 0, 0
6, 25, 121, 31, 40, 0, 0, 0, 0, 0, 0, 0
83, 55, 52, 48, 0, 0, 0, 0, 0, 0, 0, 0
38, 164, 36, 0, 0, 0, 0, 0, 0, 0, 0, 0
38, 179, 6, 153, 25, 0, 0, 0, 0, 0, 0, 0
38, 119, 85, 0, 0, 0, 0, 0, 0, 0, 0, 0
38, 45, 85, 0, 0, 0, 0, 0, 0, 0, 0, 0
381, 6, 38, 85, 0, 0, 0, 0, 0, 0, 0, 0
6, 38, 112, 382, 0, 0, 0, 0, 0, 0, 0, 0
383, 70, 85, 0, 0, 0, 0, 0, 0, 0, 0, 0
384, 25, 385, 0, 0, 0, 0, 0, 0, 0, 0, 0
4, 386, 320, 0, 0, 0, 0, 0, 0, 0, 0, 0
377, 42, 6, 25, 0, 0, 0, 0, 0, 0, 0, 0
55, 42, 6, 103, 0, 0, 0, 0, 0, 0, 0, 0
31, 103, 387, 6, 63, 25, 0, 0, 0, 0, 0, 0
377, 59, 36, 388, 0, 0, 0, 0, 0, 0, 0, 0
55, 118, 6, 103, 0, 0, 0, 0, 0, 0, 0, 0
14, 52, 6, 25, 0, 0, 0, 0, 0, 0, 0, 0
4, 389, 363, 0, 0, 0, 0, 0, 0, 0, 0, 0
371, 163, 97, 6, 390, 36, 37, 0, 0, 0, 0, 0
55, 131, 224, 40, 25, 0, 0, 0, 0, 0, 0, 0
8, 9, 48, 42, 36, 0, 0, 0, 0, 0, 0, 0
31, 25, 385, 0, 0, 0, 0, 0, 0, 0, 0, 0
31, 118, 391, 0, 0, 0, 0, 0, 0, 0, 0, 0
4, 179, 6, 25, 0, 0, 0, 0, 0, 0, 0, 0
4, 383, 392, 47, 0, 0, 0, 0, 0, 0, 0, 0
38, 106, 278, 0, 0, 0, 0, 0, 0, 0, 0, 0
371, 393, 6, 40, 38, 47, 0, 0, 0, 0, 0, 0
4, 42, 48, 101, 48, 0, 0, 0, 0, 0, 0, 0
83, 31, 25, 85, 0, 0, 0, 0, 0, 0, 0, 0
83, 200, 25, 85, 0, 0, 0, 0, 0, 0, 0, 0
4, 45, 48, 101, 302, 0, 0, 0, 0, 0, 0, 0
4, 45, 48, 0, 0, 0, 0, 0, 0, 0, 0, 0
83, 6, 63, 47, 31, 33, 0, 0, 0, 0, 0, 0
83, 55, 22, 47, 394, 0, 0, 0, 0, 0, 0, 0
83, 55, 52, 85, 0, 0, 0, 0, 0, 0, 0, 0
395, 139, 6, 25, 0, 0, 0, 0, 0, 0, 0, 0
83, 55, 22, 48, 396, 0, 0, 0, 0, 0, 0, 0
83, 22, 6, 25, 0, 0, 0, 0, 0, 0, 0, 0
69, 25, 42, 6, 132, 0, 0, 0, 0, 0, 0, 0
42, 40, 397, 47, 36, 0, 0, 0, 0, 0, 0, 0
55, 55, 135, 6, 258, 398, 0, 0, 0, 0, 0, 0
83, 55, 22, 85, 85, 0, 0, 0, 0, 0, 0, 0
83, 14, 85, 0, 0, 0, 0, 0, 0, 0, 0, 0
55, 121, 85, 85, 6, 25, 0, 0, 0, 0, 0, 0
8, 9, 48, 112, 101, 118, 0, 0, 0, 0, 0, 0
83, 55, 399, 76, 0, 0, 0, 0, 0, 0, 0, 0
371, 40, 6, 171, 0, 0, 0, 0, 0, 0, 0, 0
371, 400, 401, 85, 0, 0, 0, 0, 0, 0, 0, 0
4, 402, 69, 47, 85, 0, 0, 0, 0, 0, 0, 0
55, 403, 40, 25, 404, 0, 0, 0, 0, 0, 0, 0
55, 55, 383, 139, 405, 48, 0, 0, 0, 0, 0, 0
83, 55, 55, 139, 85, 54, 25, 0, 0, 0, 0, 0
83, 55, 55, 165, 406, 0, 0, 0, 0, 0, 0, 0
83, 55, 22, 6, 290, 0, 0, 0, 0, 0, 0, 0
83, 69, 25, 85, 0, 0, 0, 0, 0, 0, 0, 0
55, 407, 35, 48, 6, 38, 25, 0, 0, 0, 0, 0
83, 55, 264, 48, 6, 328, 36, 36, 0, 0, 0, 0
83, 377, 52, 408, 6, 40, 0, 0, 0, 0, 0, 0
83, 55, 73, 22, 231, 286, 0, 0, 0, 0, 0, 0
31, 103, 109, 6, 409, 0, 0, 0, 0, 0, 0, 0
83, 59, 40, 25, 38, 40, 0, 0, 0, 0, 0, 0
235, 55, 66, 47, 304, 25, 0, 0, 0, 0, 0, 0
31, 40, 290, 410, 38, 6, 25, 0, 0, 0, 0, 0
411, 66, 6, 40, 25, 0, 0, 0, 0, 0, 0, 0
38, 131, 85, 6, 286, 412, 0, 0, 0, 0, 0, 0
83, 73, 75, 6, 413, 38, 25, 0, 0, 0, 0, 0
69, 47, 62, 6, 63, 25, 0, 0, 0, 0, 0, 0
83, 395, 139, 48, 38, 68, 0, 0, 0, 0, 0, 0
83, 14, 52, 48, 6, 286, 0, 0, 0, 0, 0, 0
4, 42, 47, 248, 25, 6, 33, 0, 0, 0, 0, 0
83, 247, 22, 6, 100, 0, 0, 0, 0, 0, 0, 0
83, 247, 22, 414, 48, 6, 341, 0, 0, 0, 0, 0
55, 55, 45, 415, 101, 48, 0, 0, 0, 0, 0, 0
55, 55, 161, 416, 48, 0, 0, 0, 0, 0, 0, 0
38, 45, 252, 68, 47, 417, 0, 0, 0, 0, 0, 0
55, 55, 163, 47, 40, 221, 418, 0, 0, 0, 0, 0
55, 55, 163, 47, 36, 36, 0, 0, 0, 0, 0, 0
100, 119, 6, 40, 25, 25, 0, 0, 0, 0, 0, 0
97, 55, 139, 47, 171, 6, 36, 36, 0, 0, 0, 0
419, 55, 268, 48, 48, 6, 348, 0, 0, 0, 0, 0
55, 55, 131, 354, 40, 100, 6, 153, 25, 0, 0, 0
83, 271, 22, 47, 68, 85, 0, 0, 0, 0, 0, 0
83, 271, 32, 414, 48, 0, 0, 0, 0, 0, 0, 0
83, 271, 241, 258, 130, 36, 0, 0, 0, 0, 0, 0
271, 139, 48, 101, 363, 0, 0, 0, 0, 0, 0, 0
83, 271, 420, 36, 156, 0, 0, 0, 0, 0, 0, 0
200, 27, 296, 6, 25, 0, 0, 0, 0, 0, 0, 0
83, 271, 116, 40, 90, 44, 0, 0, 0, 0, 0, 0
83, 42, 25, 43, 85, 0, 0, 0, 0, 0, 0, 0
6, 90, 421, 112, 101, 422, 423, 0, 0, 0, 0, 0
55, 55, 35, 48, 101, 48, 0, 0, 0, 0, 0, 0
285, 25, 210, 48, 48, 0, 0, 0, 0, 0, 0, 0
83, 55, 22, 424, 85, 0, 0, 0, 0, 0, 0, 0
83, 31, 116, 406, 0, 0, 0, 0, 0, 0, 0, 0
83, 31, 165, 66, 31, 47, 156, 0, 0, 0, 0, 0
83, 31, 116, 40, 74, 0, 0, 0, 0, 0, 0, 0
5, 271, 25, 25, 40, 0, 0, 0, 0, 0, 0, 0
83, 31, 75, 85, 85, 0, 0, 0, 0, 0, 0, 0
83, 55, 55, 264, 425, 6, 25, 0, 0, 0, 0, 0
83, 55, 55, 128, 6, 25, 25, 0, 0, 0, 0, 0
83, 9, 14, 165, 420, 25, 85, 0, 0, 0, 0, 0
371, 119, 47, 169, 55, 0, 0, 0, 0, 0, 0, 0
55, 55, 165, 426, 6, 171, 0, 0, 0, 0, 0, 0
55, 66, 48, 101, 48, 0, 0, 0, 0, 0, 0, 0
69, 25, 32, 66, 25, 0, 0, 0, 0, 0, 0, 0
83, 85, 84, 0, 0, 0, 0, 0, 0, 0, 0, 0
55, 55, 32, 191, 25, 0, 0, 0, 0, 0, 0, 0
31, 132, 32, 406, 6, 38, 0, 0, 0, 0, 0, 0
427, 428, 25, 27, 47, 25, 0, 0, 0, 0, 0, 0
38, 32, 429, 40, 40, 0, 0, 0, 0, 0, 0, 0
31, 103, 22, 48, 85, 0, 0, 0, 0, 0, 0, 0
112, 112, 75, 47, 0, 0, 0, 0, 0, 0, 0, 0
6, 25, 52, 31, 48, 0, 0, 0, 0, 0, 0, 0
31, 222, 6, 25, 0, 0, 0, 0, 0, 0, 0, 0
31, 13, 38, 40, 0, 0, 0, 0, 0, 0, 0, 0
31, 40, 35, 47, 40, 0, 0, 0, 0, 0, 0, 0
6, 25, 282, 164, 25, 0, 0, 0, 0, 0, 0, 0
6, 25, 282, 47, 25, 0, 0, 0, 0, 0, 0, 0
6, 25, 282, 47, 100, 0, 0, 0, 0, 0, 0, 0
6, 25, 282, 47, 430, 0, 0, 0, 0, 0, 0, 0
31, 25, 119, 47, 0, 0, 0, 0, 0, 0, 0, 0
38, 25, 393, 85, 0, 0, 0, 0, 0, 0, 0, 0
83, 31, 356, 25, 0, 0, 0, 0, 0, 0, 0, 0
83, 31, 6, 40, 78, 0, 0, 0, 0, 0, 0, 0
69, 393, 6, 431, 0, 0, 0, 0, 0, 0, 0, 0
169, 31, 6, 318, 0, 0, 0, 0, 0, 0, 0, 0
6, 90, 112, 112, 0, 0, 0, 0, 0, 0, 0, 0
55, 432, 6, 25, 0, 0, 0, 0, 0, 0, 0, 0
433, 131, 48, 85, 0, 0, 0, 0, 0, 0, 0, 0
134, 135, 6, 33, 156, 0, 0, 0, 0, 0, 0, 0
31, 114, 432, 85, 0, 0, 0, 0, 0, 0, 0, 0
434, 31, 420, 90, 0, 0, 0, 0, 0, 0, 0, 0
55, 435, 6, 428, 6, 25, 0, 0, 0, 0, 0, 0
55, 131, 363, 436, 0, 0, 0, 0, 0, 0, 0, 0
4, 31, 30, 0, 0, 0, 0, 0, 0, 0, 0, 0
69, 437, 70, 47, 0, 0, 0, 0, 0, 0, 0, 0
31, 25, 38, 438, 0, 0, 0, 0, 0, 0, 0, 0
112, 45, 47, 439, 25, 0, 0, 0, 0, 0, 0, 0
64, 131, 228, 290, 0, 0, 0, 0, 0, 0, 0, 0
4, 53, 441, 47, 85, 0, 0, 0, 0, 0, 0, 0
4, 386, 85, 308, 0, 0, 0, 0, 0, 0, 0, 0
4, 371, 42, 48, 40, 442, 0, 0, 0, 0, 0, 0
40, 33, 31, 0, 0, 0, 0, 0, 0, 0, 0, 0
4, 386, 47, 25, 0, 0, 0, 0, 0, 0, 0, 0
4, 383, 42, 443, 0, 0, 0, 0, 0, 0, 0, 0
83, 55, 101, 55, 292, 444, 0, 0, 0, 0, 0, 0
31, 161, 40, 445, 0, 0, 0, 0, 0, 0, 0, 0
31, 131, 47, 25, 0, 0, 0, 0, 0, 0, 0, 0
4, 386, 446, 182, 0, 0, 0, 0, 0, 0, 0, 0
31, 161, 106, 52, 0, 0, 0, 0, 0, 0, 0, 0
83, 31, 40, 85, 0, 0, 0, 0, 0, 0, 0, 0
4, 447, 31, 25, 0, 0, 0, 0, 0, 0, 0, 0
69, 448, 44, 52, 6, 25, 0, 0, 0, 0, 0, 0
378, 179, 40, 63, 25, 0, 0, 0, 0, 0, 0, 0
83, 125, 114, 139, 40, 449, 0, 0, 0, 0, 0, 0
450, 25, 131, 6, 138, 25, 0, 0, 0, 0, 0, 0
53, 126, 288, 73, 6, 206, 0, 0, 0, 0, 0, 0
31, 250, 25, 179, 0, 0, 0, 0, 0, 0, 0, 0
407, 121, 6, 300, 0, 0, 0, 0, 0, 0, 0, 0
55, 101, 375, 292, 48, 0, 0, 0, 0, 0, 0, 0
451, 55, 32, 367, 25, 0, 0, 0, 0, 0, 0, 0
4, 389, 9, 406, 0, 0, 0, 0, 0, 0, 0, 0
371, 452, 6, 40, 417, 0, 0, 0, 0, 0, 0, 0
371, 453, 406, 6, 454, 0, 0, 0, 0, 0, 0, 0
53, 455, 456, 55, 85, 85, 0, 0, 0, 0, 0, 0
42, 66, 6, 457, 0, 0, 0, 0, 0, 0, 0, 0
55, 66, 6, 33, 0, 0, 0, 0, 0, 0, 0, 0
112, 66, 6, 457, 0, 0, 0, 0, 0, 0, 0, 0
5, 66, 6, 48, 0, 0, 0, 0, 0, 0, 0, 0
112, 276, 40, 0, 0, 0, 0, 0, 0, 0, 0, 0
228, 40, 458, 0, 0, 0, 0, 0, 0, 0, 0, 0
31, 52, 47, 0, 0, 0, 0, 0, 0, 0, 0, 0
228, 40, 112, 0, 0, 0, 0, 0, 0, 0, 0, 0
31, 395, 40, 0, 0, 0, 0, 0, 0, 0, 0, 0
459, 460, 6, 218, 0, 0, 0, 0, 0, 0, 0, 0
31, 40, 139, 47, 6, 40, 0, 0, 0, 0, 0, 0
38, 31, 40, 0, 0, 0, 0, 0, 0, 0, 0, 0
31, 47, 0, 0, 0, 0, 0, 0, 0, 0, 0, 0
371, 42, 47, 40, 40, 0, 0, 0, 0, 0, 0, 0
31, 27, 6, 258, 0, 0, 0, 0, 0, 0, 0, 0
31, 75, 6, 40, 0, 0, 0, 0, 0, 0, 0, 0
427, 40, 182, 0, 0, 0, 0, 0, 0, 0, 0, 0
357, 40, 308, 0, 0, 0, 0, 0, 0, 0, 0, 0
462, 40, 118, 0, 0, 0, 0, 0, 0, 0, 0, 0
125, 342, 283, 383, 165, 6, 132, 0, 0, 0, 0, 0
31, 31, 40, 0, 0, 0, 0, 0, 0, 0, 0, 0
31, 62, 0, 0, 0, 0, 0, 0, 0, 0, 0, 0
83, 31, 85, 0, 0, 0, 0, 0, 0, 0, 0, 0
83, 31, 85, 0, 0, 0, 0, 0, 0, 0, 0, 0
83, 31, 85, 0, 0, 0, 0, 0, 0, 0, 0, 0
83, 31, 85, 0, 0, 0, 0, 0, 0, 0, 0, 0
83, 31, 85, 0, 0, 0, 0, 0, 0, 0, 0, 0
83, 31, 141, 0, 0, 0, 0, 0, 0, 0, 0, 0
83, 31, 463, 0, 0, 0, 0, 0, 0, 0, 0, 0
83, 31, 76, 0, 0, 0, 0, 0, 0, 0, 0, 0
83, 38, 464, 0, 0, 0, 0, 0, 0, 0, 0, 0
83, 31, 141, 0, 0, 0, 0, 0, 0, 0, 0, 0
112, 45, 47, 6, 40, 0, 0, 0, 0, 0, 0, 0
31, 22, 47, 6, 465, 0, 0, 0, 0, 0, 0, 0
31, 38, 40, 0, 0, 0, 0, 0, 0, 0, 0, 0
31, 27, 47, 0, 0, 0, 0, 0, 0, 0, 0, 0
31, 22, 6, 40, 85, 0, 0, 0, 0, 0, 0, 0
31, 131, 6, 40, 0, 0, 0, 0, 0, 0, 0, 0
31, 278, 6, 40, 76, 0, 0, 0, 0, 0, 0, 0
31, 112, 118, 0, 0, 0, 0, 0, 0, 0, 0, 0
9, 112, 466, 0, 0, 0, 0, 0, 0, 0, 0, 0
31, 40, 467, 112, 0, 0, 0, 0, 0, 0, 0, 0
31, 294, 6, 40, 40, 0, 0, 0, 0, 0, 0, 0
31, 468, 6, 249, 47, 0, 0, 0, 0, 0, 0, 0
31, 31, 40, 0, 0, 0, 0, 0, 0, 0, 0, 0
31, 31, 469, 40, 0, 0, 0, 0, 0, 0, 0, 0
31, 470, 40, 0, 0, 0, 0, 0, 0, 0, 0, 0
31, 471, 40, 0, 0, 0, 0, 0, 0, 0, 0, 0
472, 299, 40, 423, 0, 0, 0, 0, 0, 0, 0, 0
31, 40, 27, 47, 0, 0, 0, 0, 0, 0, 0, 0
31, 54, 40, 0, 0, 0, 0, 0, 0, 0, 0, 0
31, 31, 40, 0, 0, 0, 0, 0, 0, 0, 0, 0
31, 75, 47, 0, 0, 0, 0, 0, 0, 0, 0, 0
4, 131, 473, 474, 0, 0, 0, 0, 0, 0, 0, 0
225, 40, 475, 0, 0, 0, 0, 0, 0, 0, 0, 0
82, 40, 467, 0, 0, 0, 0, 0, 0, 0, 0, 0
31, 40, 31, 40, 0, 0, 0, 0, 0, 0, 0, 0
31, 40, 40, 62, 0, 0, 0, 0, 0, 0, 0, 0
476, 31, 47, 40, 0, 0, 0, 0, 0, 0, 0, 0
31, 112, 118, 0, 0, 0, 0, 0, 0, 0, 0, 0
31, 40, 6, 40, 0, 0, 0, 0, 0, 0, 0, 0
83, 31, 40, 85, 0, 0, 0, 0, 0, 0, 0, 0
83, 31, 85, 0, 0, 0, 0, 0, 0, 0, 0, 0
83, 31, 76, 0, 0, 0, 0, 0, 0, 0, 0, 0
83, 31, 464, 0, 0, 0, 0, 0, 0, 0, 0, 0
31, 25, 220, 47, 0, 0, 0, 0, 0, 0, 0, 0
31, 278, 6, 40, 85, 0, 0, 0, 0, 0, 0, 0
38, 31, 40, 0, 0, 0, 0, 0, 0, 0, 0, 0
31, 478, 47, 0, 0, 0, 0, 0, 0, 0, 0, 0
31, 471, 40, 0, 0, 0, 0, 0, 0, 0, 0, 0
38, 38, 40, 40, 0, 0, 0, 0, 0, 0, 0, 0
31, 479, 40, 0, 0, 0, 0, 0, 0, 0, 0, 0
31, 22, 47, 0, 0, 0, 0, 0, 0, 0, 0, 0
31, 22, 6, 40, 0, 0, 0, 0, 0, 0, 0, 0
31, 52, 47, 0, 0, 0, 0, 0, 0, 0, 0, 0
31, 6, 40, 0, 0, 0, 0, 0, 0, 0, 0, 0
69, 40, 47, 0, 0, 0, 0, 0, 0, 0, 0, 0
69, 40, 47, 0, 0, 0, 0, 0, 0, 0, 0, 0
31, 75, 112, 47, 0, 0, 0, 0, 0, 0, 0, 0
31, 210, 48, 6, 13, 0, 0, 0, 0, 0, 0, 0
38, 222, 480, 47, 40, 323, 38, 0, 0, 0, 0, 0
31, 27, 47, 367, 47, 0, 0, 0, 0, 0, 0, 0
31, 40, 40, 54, 40, 0, 0, 0, 0, 0, 0, 0
100, 27, 47, 47, 40, 0, 0, 0, 0, 0, 0, 0
31, 128, 47, 481, 482, 0, 0, 0, 0, 0, 0, 0
247, 40, 40, 75, 170, 40, 0, 0, 0, 0, 0, 0
483, 40, 455, 47, 6, 47, 0, 0, 0, 0, 0, 0
31, 40, 35, 47, 47, 40, 0, 0, 0, 0, 0, 0
38, 27, 47, 323, 40, 173, 0, 0, 0, 0, 0, 0
31, 36, 220, 54, 36, 484, 0, 0, 0, 0, 0, 0
31, 32, 6, 63, 36, 36, 0, 0, 0, 0, 0, 0
483, 40, 38, 63, 40, 40, 0, 0, 0, 0, 0, 0
21, 139, 191, 47, 485, 40, 81, 0, 0, 0, 0, 0
486, 40, 40, 35, 487, 47, 40, 0, 0, 0, 0, 0
31, 40, 52, 488, 489, 38, 40, 0, 0, 0, 0, 0
38, 22, 31, 47, 36, 36, 490, 0, 0, 0, 0, 0
31, 119, 6, 36, 36, 491, 40, 0, 0, 0, 0, 0
243, 119, 31, 38, 40, 40, 40, 0, 0, 0, 0, 0
38, 52, 47, 199, 0, 0, 0, 0, 0, 0, 0, 0
59, 25, 492, 31, 0, 0, 0, 0, 0, 0, 0, 0
31, 25, 52, 493, 0, 0, 0, 0, 0, 0, 0, 0
112, 32, 38, 6, 40, 0, 0, 0, 0, 0, 0, 0
31, 45, 6, 36, 36, 0, 0, 0, 0, 0, 0, 0
169, 494, 31, 47, 132, 0, 0, 0, 0, 0, 0, 0
38, 63, 40, 25, 62, 0, 0, 0, 0, 0, 0, 0
31, 323, 114, 495, 40, 0, 0, 0, 0, 0, 0, 0
100, 35, 48, 48, 0, 0, 0, 0, 0, 0, 0, 0
31, 40, 25, 54, 25, 0, 0, 0, 0, 0, 0, 0
55, 55, 35, 47, 90, 0, 0, 0, 0, 0, 0, 0
225, 36, 31, 47, 40, 0, 0, 0, 0, 0, 0, 0
38, 22, 40, 234, 25, 0, 0, 0, 0, 0, 0, 0
195, 126, 47, 323, 25, 0, 0, 0, 0, 0, 0, 0
31, 35, 40, 258, 25, 0, 0, 0, 0, 0, 0, 0
100, 32, 6, 40, 6, 38, 0, 0, 0, 0, 0, 0
55, 55, 32, 48, 48, 0, 0, 0, 0, 0, 0, 0
38, 27, 6, 258, 63, 38, 0, 0, 0, 0, 0, 0
207, 216, 38, 496, 40, 74, 0, 0, 0, 0, 0, 0
59, 40, 25, 22, 191, 21, 0, 0, 0, 0, 0, 0
125, 114, 40, 22, 38, 246, 0, 0, 0, 0, 0, 0
112, 112, 22, 6, 497, 25, 0, 0, 0, 0, 0, 0
55, 55, 52, 498, 6, 499, 0, 0, 0, 0, 0, 0
59, 40, 25, 22, 340, 48, 0, 0, 0, 0, 0, 0
38, 131, 367, 36, 490, 85, 0, 0, 0, 0, 0, 0
31, 31, 6, 40, 500, 40, 0, 0, 0, 0, 0, 0
72, 55, 501, 6, 40, 25, 0, 0, 0, 0, 0, 0
31, 31, 35, 187, 6, 100, 0, 0, 0, 0, 0, 0
502, 55, 161, 6, 40, 199, 0, 0, 0, 0, 0, 0
31, 25, 25, 460, 66, 258, 40, 0, 0, 0, 0, 0
31, 31, 295, 6, 68, 6, 30, 0, 0, 0, 0, 0
503, 437, 383, 35, 246, 85, 0, 0, 0, 0, 0, 0
271, 504, 52, 6, 258, 132, 25, 0, 0, 0, 0, 0
505, 55, 22, 47, 36, 36, 0, 0, 0, 0, 0, 0
155, 112, 75, 47, 40, 25, 0, 0, 0, 0, 0, 0
55, 55, 119, 330, 506, 25, 0, 0, 0, 0, 0, 0
31, 279, 52, 85, 85, 6, 127, 0, 0, 0, 0, 0
503, 25, 25, 161, 241, 47, 49, 0, 0, 0, 0, 0
507, 25, 139, 10, 6, 88, 0, 0, 0, 0, 0, 0
169, 55, 35, 6, 40, 132, 0, 0, 0, 0, 0, 0
508, 40, 25, 35, 47, 40, 509, 0, 0, 0, 0, 0
31, 101, 31, 292, 48, 6, 136, 0, 0, 0, 0, 0
31, 55, 165, 231, 234, 25, 6, 38, 0, 0, 0, 0
55, 101, 26, 292, 48, 6, 136, 0, 0, 0, 0, 0
55, 55, 32, 6, 510, 132, 25, 0, 0, 0, 0, 0
100, 131, 48, 6, 40, 24, 25, 0, 0, 0, 0, 0
59, 40, 25, 22, 31, 47, 36, 36, 490, 0, 0, 0
55, 55, 101, 55, 31, 292, 48, 100, 0, 0, 0, 0
511, 112, 35, 6, 40, 40, 25, 0, 0, 0, 0, 0
31, 222, 47, 40, 38, 0, 0, 0, 0, 0, 0, 0
72, 119, 85, 6, 38, 0, 0, 0, 0, 0, 0, 0
421, 112, 432, 54, 0, 0, 0, 0, 0, 0, 0, 0
209, 131, 48, 6, 38, 0, 0, 0, 0, 0, 0, 0
31, 25, 45, 47, 38, 0, 0, 0, 0, 0, 0, 0
112, 75, 47, 177, 39, 0, 0, 0, 0, 0, 0, 0
55, 55, 112, 101, 112, 0, 0, 0, 0, 0, 0, 0
31, 112, 112, 6, 36, 0, 0, 0, 0, 0, 0, 0
38, 27, 47, 36, 130, 0, 0, 0, 0, 0, 0, 0
512, 25, 210, 46, 38, 0, 0, 0, 0, 0, 0, 0
38, 131, 85, 54, 114, 0, 0, 0, 0, 0, 0, 0
112, 315, 6, 63, 25, 0, 0, 0, 0, 0, 0, 0
218, 131, 363, 6, 25, 0, 0, 0, 0, 0, 0, 0
69, 146, 22, 66, 25, 0, 0, 0, 0, 0, 0, 0
38, 27, 48, 6, 173, 0, 0, 0, 0, 0, 0, 0
513, 15, 116, 6, 38, 0, 0, 0, 0, 0, 0, 0
38, 25, 336, 6, 30, 0, 0, 0, 0, 0, 0, 0
82, 417, 109, 6, 47, 0, 0, 0, 0, 0, 0, 0
224, 25, 200, 304, 25, 0, 0, 0, 0, 0, 0, 0
38, 27, 514, 219, 25, 0, 0, 0, 0, 0, 0, 0
218, 131, 47, 219, 25, 0, 0, 0, 0, 0, 0, 0
100, 139, 31, 515, 38, 0, 0, 0, 0, 0, 0, 0
38, 54, 132, 112, 112, 0, 0, 0, 0, 0, 0, 0
31, 163, 36, 36, 0, 0, 0, 0, 0, 0, 0, 0
112, 112, 432, 420, 512, 25, 0, 0, 0, 0, 0, 0
72, 121, 356, 36, 0, 0, 0, 0, 0, 0, 0, 0
31, 35, 48, 6, 516, 0, 0, 0, 0, 0, 0, 0
38, 35, 38, 40, 85, 0, 0, 0, 0, 0, 0, 0
34, 27, 54, 36, 47, 0, 0, 0, 0, 0, 0, 0
55, 32, 47, 166, 25, 0, 0, 0, 0, 0, 0, 0
55, 35, 340, 48, 0, 0, 0, 0, 0, 0, 0, 0
208, 119, 191, 63, 41, 0, 0, 0, 0, 0, 0, 0
38, 161, 517, 85, 85, 0, 0, 0, 0, 0, 0, 0
55, 383, 336, 518, 132, 0, 0, 0, 0, 0, 0, 0
55, 165, 31, 40, 38, 0, 0, 0, 0, 0, 0, 0
38, 47, 519, 40, 132, 0, 0, 0, 0, 0, 0, 0
31, 25, 53, 52, 0, 0, 0, 0, 0, 0, 0, 0
38, 139, 241, 304, 132, 0, 0, 0, 0, 0, 0, 0
207, 112, 27, 47, 36, 0, 0, 0, 0, 0, 0, 0
55, 55, 22, 48, 85, 0, 0, 0, 0, 0, 0, 0
55, 22, 47, 193, 136, 0, 0, 0, 0, 0, 0, 0
247, 156, 165, 330, 520, 0, 0, 0, 0, 0, 0, 0
100, 165, 6, 36, 490, 0, 0, 0, 0, 0, 0, 0
21, 32, 444, 6, 63, 279, 0, 0, 0, 0, 0, 0
34, 163, 85, 85, 141, 0, 0, 0, 0, 0, 0, 0
173, 38, 36, 36, 130, 0, 0, 0, 0, 0, 0, 0
521, 132, 161, 47, 25, 0, 0, 0, 0, 0, 0, 0
237, 36, 119, 54, 0, 0, 0, 0, 0, 0, 0, 0
31, 230, 27, 191, 25, 0, 0, 0, 0, 0, 0, 0
55, 55, 522, 6, 47, 0, 0, 0, 0, 0, 0, 0
31, 432, 47, 279, 25, 0, 0, 0, 0, 0, 0, 0
483, 437, 165, 241, 13, 0, 0, 0, 0, 0, 0, 0
31, 279, 35, 47, 25, 0, 0, 0, 0, 0, 0, 0
55, 101, 55, 69, 523, 25, 0, 0, 0, 0, 0, 0
160, 32, 47, 342, 55, 0, 0, 0, 0, 0, 0, 0
38, 165, 524, 40, 25, 0, 0, 0, 0, 0, 0, 0
100, 35, 39, 525, 38, 0, 0, 0, 0, 0, 0, 0
55, 55, 22, 252, 78, 0, 0, 0, 0, 0, 0, 0
31, 132, 35, 526, 47, 0, 0, 0, 0, 0, 0, 0
100, 301, 6, 132, 38, 0, 0, 0, 0, 0, 0, 0
112, 27, 191, 510, 516, 0, 0, 0, 0, 0, 0, 0
38, 163, 170, 230, 40, 0, 0, 0, 0, 0, 0, 0
55, 55, 32, 227, 25, 0, 0, 0, 0, 0, 0, 0
73, 222, 47, 36, 36, 0, 0, 0, 0, 0, 0, 0
112, 179, 45, 170, 40, 0, 0, 0, 0, 0, 0, 0
55, 55, 27, 47, 38, 0, 0, 0, 0, 0, 0, 0
357, 25, 527, 35, 100, 0, 0, 0, 0, 0, 0, 0
55, 116, 47, 318, 6, 88, 0, 0, 0, 0, 0, 0
38, 22, 38, 519, 25, 0, 0, 0, 0, 0, 0, 0
88, 116, 47, 245, 40, 0, 0, 0, 0, 0, 0, 0
100, 32, 6, 258, 25, 0, 0, 0, 0, 0, 0, 0
528, 55, 27, 10, 47, 0, 0, 0, 0, 0, 0, 0
55, 529, 6, 170, 47, 0, 0, 0, 0, 0, 0, 0
34, 109, 141, 141, 0, 0, 0, 0, 0, 0, 0, 0
530, 32, 170, 40, 40, 0, 0, 0, 0, 0, 0, 0
173, 531, 47, 25, 0, 0, 0, 0, 0, 0, 0, 0
112, 112, 161, 330, 38, 0, 0, 0, 0, 0, 0, 0
100, 119, 47, 40, 40, 0, 0, 0, 0, 0, 0, 0
100, 35, 464, 85, 6, 38, 0, 0, 0, 0, 0, 0
38, 96, 54, 25, 38, 0, 0, 0, 0, 0, 0, 0
55, 532, 38, 241, 25, 0, 0, 0, 0, 0, 0, 0
533, 55, 163, 36, 130, 0, 0, 0, 0, 0, 0, 0
31, 25, 42, 212, 25, 0, 0, 0, 0, 0, 0, 0
55, 55, 42, 534, 25, 0, 0, 0, 0, 0, 0, 0
237, 535, 161, 536, 48, 0, 0, 0, 0, 0, 0, 0
127, 116, 85, 47, 25, 0, 0, 0, 0, 0, 0, 0
38, 35, 47, 6, 48, 0, 0, 0, 0, 0, 0, 0
528, 55, 131, 191, 537, 0, 0, 0, 0, 0, 0, 0
538, 55, 53, 27, 187, 0, 0, 0, 0, 0, 0, 0
21, 163, 31, 539, 36, 0, 0, 0, 0, 0, 0, 0
38, 47, 489, 540, 25, 0, 0, 0, 0, 0, 0, 0
112, 112, 35, 47, 38, 0, 0, 0, 0, 0, 0, 0
100, 27, 47, 68, 25, 0, 0, 0, 0, 0, 0, 0
72, 139, 187, 48, 6, 38, 0, 0, 0, 0, 0, 0
55, 55, 22, 36, 36, 0, 0, 0, 0, 0, 0, 0
31, 132, 383, 139, 296, 0, 0, 0, 0, 0, 0, 0
112, 112, 75, 47, 38, 0, 0, 0, 0, 0, 0, 0
194, 118, 131, 6, 40, 38, 0, 0, 0, 0, 0, 0
69, 25, 53, 32, 48, 0, 0, 0, 0, 0, 0, 0
31, 74, 6, 36, 130, 0, 0, 0, 0, 0, 0, 0
83, 125, 439, 85, 0, 0, 0, 0, 0, 0, 0, 0
55, 55, 22, 6, 173, 0, 0, 0, 0, 0, 0, 0
55, 55, 53, 139, 48, 0, 0, 0, 0, 0, 0, 0
53, 139, 55, 55, 48, 0, 0, 0, 0, 0, 0, 0
505, 55, 22, 38, 48, 0, 0, 0, 0, 0, 0, 0
483, 25, 53, 126, 6, 206, 0, 0, 0, 0, 0, 0
14, 126, 47, 437, 25, 0, 0, 0, 0, 0, 0, 0
288, 541, 32, 47, 55, 0, 0, 0, 0, 0, 0, 0
125, 542, 383, 165, 48, 0, 0, 0, 0, 0, 0, 0
237, 25, 155, 5, 6, 173, 0, 0, 0, 0, 0, 0
112, 22, 170, 30, 0, 0, 0, 0, 0, 0, 0, 0
134, 55, 432, 47, 36, 0, 0, 0, 0, 0, 0, 0
55, 55, 52, 46, 25, 0, 0, 0, 0, 0, 0, 0
73, 55, 22, 88, 48, 0, 0, 0, 0, 0, 0, 0
55, 55, 45, 47, 114, 0, 0, 0, 0, 0, 0, 0
55, 55, 35, 47, 38, 0, 0, 0, 0, 0, 0, 0
55, 55, 121, 170, 279, 0, 0, 0, 0, 0, 0, 0
55, 55, 213, 36, 36, 0, 0, 0, 0, 0, 0, 0
38, 119, 48, 48, 0, 0, 0, 0, 0, 0, 0, 0
38, 161, 31, 543, 156, 0, 0, 0, 0, 0, 0, 0
544, 55, 131, 6, 136, 25, 0, 0, 0, 0, 0, 0
31, 31, 6, 36, 36, 0, 0, 0, 0, 0, 0, 0
127, 22, 47, 25, 101, 47, 25, 0, 0, 0, 0, 0
31, 101, 55, 545, 191, 25, 0, 0, 0, 0, 0, 0
31, 109, 191, 25, 25, 0, 0, 0, 0, 0, 0, 0
205, 55, 161, 85, 85, 0, 0, 0, 0, 0, 0, 0
31, 90, 32, 340, 322, 0, 0, 0, 0, 0, 0, 0
38, 163, 6, 36, 546, 0, 0, 0, 0, 0, 0, 0
72, 55, 222, 330, 21, 0, 0, 0, 0, 0, 0, 0
26, 55, 119, 48, 142, 0, 0, 0, 0, 0, 0, 0
55, 210, 354, 25, 6, 547, 0, 0, 0, 0, 0, 0
55, 35, 48, 48, 6, 100, 0, 0, 0, 0, 0, 0
26, 55, 131, 48, 48, 0, 0, 0, 0, 0, 0, 0
207, 112, 31, 47, 36, 0, 0, 0, 0, 0, 0, 0
31, 25, 213, 517, 85, 0, 0, 0, 0, 0, 0, 0
31, 222, 170, 25, 25, 0, 0, 0, 0, 0, 0, 0
548, 55, 549, 420, 25, 0, 0, 0, 0, 0, 0, 0
14, 55, 70, 550, 48, 0, 0, 0, 0, 0, 0, 0
55, 551, 36, 552, 553, 0, 0, 0, 0, 0, 0, 0
55, 494, 31, 38, 554, 0, 0, 0, 0, 0, 0, 0
38, 161, 6, 63, 25, 40, 0, 0, 0, 0, 0, 0
555, 31, 38, 47, 21, 0, 0, 0, 0, 0, 0, 0
31, 25, 31, 556, 25, 0, 0, 0, 0, 0, 0, 0
31, 25, 6, 557, 6, 25, 0, 0, 0, 0, 0, 0
55, 22, 47, 25, 40, 0, 0, 0, 0, 0, 0, 0
38, 47, 519, 40, 40, 0, 0, 0, 0, 0, 0, 0
55, 532, 163, 254, 36, 0, 0, 0, 0, 0, 0, 0
205, 55, 35, 367, 558, 0, 0, 0, 0, 0, 0, 0
55, 55, 109, 47, 40, 0, 0, 0, 0, 0, 0, 0
559, 55, 165, 560, 48, 0, 0, 0, 0, 0, 0, 0
31, 119, 47, 561, 100, 0, 0, 0, 0, 0, 0, 0
55, 55, 22, 562, 48, 0, 0, 0, 0, 0, 0, 0
38, 75, 456, 54, 25, 0, 0, 0, 0, 0, 0, 0
55, 55, 109, 47, 230, 0, 0, 0, 0, 0, 0, 0
55, 55, 113, 563, 182, 0, 0, 0, 0, 0, 0, 0
55, 55, 119, 47, 25, 0, 0, 0, 0, 0, 0, 0
486, 25, 131, 48, 48, 0, 0, 0, 0, 0, 0, 0
31, 25, 126, 48, 48, 0, 0, 0, 0, 0, 0, 0
483, 437, 22, 48, 48, 0, 0, 0, 0, 0, 0, 0
55, 55, 165, 564, 25, 0, 0, 0, 0, 0, 0, 0
55, 35, 48, 48, 6, 100, 0, 0, 0, 0, 0, 0
72, 55, 126, 191, 25, 0, 0, 0, 0, 0, 0, 0
55, 101, 433, 565, 47, 25, 0, 0, 0, 0, 0, 0
55, 55, 31, 231, 100, 0, 0, 0, 0, 0, 0, 0
55, 31, 6, 40, 100, 0, 0, 0, 0, 0, 0, 0
566, 31, 567, 48, 568, 0, 0, 0, 0, 0, 0, 0
73, 55, 52, 48, 48, 0, 0, 0, 0, 0, 0, 0
38, 35, 47, 25, 6, 38, 0, 0, 0, 0, 0, 0
569, 36, 32, 47, 40, 36, 0, 0, 0, 0, 0, 0
38, 131, 170, 570, 36, 36, 0, 0, 0, 0, 0, 0
511, 35, 6, 258, 258, 437, 0, 0, 0, 0, 0, 0
31, 132, 131, 6, 256, 38, 0, 0, 0, 0, 0, 0
31, 35, 170, 25, 6, 132, 0, 0, 0, 0, 0, 0
31, 131, 47, 36, 6, 318, 0, 0, 0, 0, 0, 0
38, 32, 85, 141, 54, 38, 0, 0, 0, 0, 0, 0
38, 35, 85, 54, 25, 25, 0, 0, 0, 0, 0, 0
207, 112, 38, 496, 63, 38, 0, 0, 0, 0, 0, 0
31, 116, 6, 40, 38, 85, 0, 0, 0, 0, 0, 0
55, 32, 367, 25, 6, 36, 0, 0, 0, 0, 0, 0
55, 32, 85, 85, 6, 38, 0, 0, 0, 0, 0, 0
31, 27, 47, 554, 6, 47, 0, 0, 0, 0, 0, 0
38, 75, 47, 36, 6, 47, 0, 0, 0, 0, 0, 0
31, 131, 85, 85, 6, 38, 0, 0, 0, 0, 0, 0
31, 53, 27, 47, 571, 25, 0, 0, 0, 0, 0, 0
31, 36, 35, 6, 40, 100, 0, 0, 0, 0, 0, 0
31, 163, 47, 166, 143, 25, 0, 0, 0, 0, 0, 0
72, 165, 6, 206, 6, 30, 0, 0, 0, 0, 0, 0
100, 27, 47, 504, 6, 25, 0, 0, 0, 0, 0, 0
31, 32, 85, 141, 6, 34, 0, 0, 0, 0, 0, 0
335, 40, 35, 47, 74, 0, 0, 0, 0, 0, 0, 0
69, 25, 161, 6, 258, 132, 0, 0, 0, 0, 0, 0
209, 27, 330, 15, 54, 38, 0, 0, 0, 0, 0, 0
200, 36, 40, 6, 25, 25, 0, 0, 0, 0, 0, 0
112, 112, 119, 31, 38, 38, 0, 0, 0, 0, 0, 0
572, 35, 241, 81, 36, 573, 0, 0, 0, 0, 0, 0
62, 112, 52, 517, 85, 0, 0, 0, 0, 0, 0, 0
31, 25, 32, 31, 33, 6, 47, 0, 0, 0, 0, 0
31, 27, 38, 76, 85, 0, 0, 0, 0, 0, 0, 0
38, 52, 574, 36, 6, 21, 0, 0, 0, 0, 0, 0
31, 40, 25, 32, 66, 30, 0, 0, 0, 0, 0, 0
69, 40, 575, 139, 66, 25, 0, 0, 0, 0, 0, 0
31, 576, 35, 577, 6, 47, 0, 0, 0, 0, 0, 0
82, 25, 25, 131, 6, 156, 0, 0, 0, 0, 0, 0
31, 25, 74, 32, 578, 156, 0, 0, 0, 0, 0, 0
31, 25, 119, 6, 25, 25, 0, 0, 0, 0, 0, 0
55, 52, 48, 48, 6, 208, 0, 0, 0, 0, 0, 0
55, 55, 161, 330, 132, 6, 38, 0, 0, 0, 0, 0
31, 35, 47, 40, 36, 130, 0, 0, 0, 0, 0, 0
31, 27, 47, 100, 85, 0, 0, 0, 0, 0, 0, 0
55, 53, 32, 23, 132, 6, 100, 0, 0, 0, 0, 0
55, 55, 27, 6, 36, 36, 0, 0, 0, 0, 0, 0
207, 216, 119, 47, 250, 38, 0, 0, 0, 0, 0, 0
55, 55, 284, 6, 36, 36, 0, 0, 0, 0, 0, 0
579, 55, 131, 47, 286, 36, 0, 0, 0, 0, 0, 0
38, 27, 580, 241, 48, 0, 0, 0, 0, 0, 0, 0
31, 25, 139, 38, 31, 36, 0, 0, 0, 0, 0, 0
55, 55, 32, 47, 25, 25, 0, 0, 0, 0, 0, 0
31, 25, 32, 406, 6, 38, 0, 0, 0, 0, 0, 0
55, 55, 75, 48, 48, 48, 0, 0, 0, 0, 0, 0
263, 55, 32, 47, 342, 25, 0, 0, 0, 0, 0, 0
55, 55, 35, 6, 40, 21, 25, 0, 0, 0, 0, 0
581, 136, 161, 231, 25, 6, 25, 0, 0, 0, 0, 0
582, 583, 35, 47, 25, 100, 0, 0, 0, 0, 0, 0
100, 27, 47, 25, 6, 173, 0, 0, 0, 0, 0, 0
205, 55, 109, 48, 40, 206, 0, 0, 0, 0, 0, 0
38, 75, 47, 25, 25, 16, 88, 0, 0, 0, 0, 0
422, 112, 161, 191, 584, 6, 173, 0, 0, 0, 0, 0
100, 32, 585, 369, 6, 38, 0, 0, 0, 0, 0, 0
55, 55, 116, 47, 25, 38, 0, 0, 0, 0, 0, 0
502, 222, 66, 586, 101, 47, 25, 0, 0, 0, 0, 0
38, 25, 128, 85, 54, 38, 0, 0, 0, 0, 0, 0
55, 587, 131, 48, 6, 36, 0, 0, 0, 0, 0, 0
483, 437, 22, 48, 6, 25, 0, 0, 0, 0, 0, 0
55, 121, 48, 48, 6, 88, 0, 0, 0, 0, 0, 0
112, 112, 75, 47, 36, 6, 25, 0, 0, 0, 0, 0
173, 27, 192, 40, 40, 25, 0, 0, 0, 0, 0, 0
38, 161, 38, 6, 63, 38, 0, 0, 0, 0, 0, 0
511, 112, 35, 6, 153, 584, 0, 0, 0, 0, 0, 0
112, 112, 52, 170, 146, 6, 38, 0, 0, 0, 0, 0
173, 35, 47, 25, 6, 100, 0, 0, 0, 0, 0, 0
38, 27, 191, 40, 36, 588, 0, 0, 0, 0, 0, 0
31, 119, 46, 38, 6, 25, 0, 0, 0, 0, 0, 0
55, 55, 109, 54, 7, 490, 0, 0, 0, 0, 0, 0
263, 55, 165, 48, 6, 47, 0, 0, 0, 0, 0, 0
589, 38, 27, 47, 25, 279, 0, 0, 0, 0, 0, 0
590, 55, 35, 6, 48, 6, 21, 0, 0, 0, 0, 0
591, 55, 35, 48, 6, 25, 0, 0, 0, 0, 0, 0
31, 25, 35, 6, 40, 554, 0, 0, 0, 0, 0, 0
112, 112, 222, 514, 63, 318, 0, 0, 0, 0, 0, 0
55, 55, 53, 119, 592, 0, 0, 0, 0, 0, 0, 0
72, 55, 113, 6, 593, 30, 0, 0, 0, 0, 0, 0
55, 594, 35, 420, 25, 0, 0, 0, 0, 0, 0, 0
127, 32, 48, 6, 25, 0, 0, 0, 0, 0, 0, 0
72, 55, 165, 48, 6, 40, 90, 0, 0, 0, 0, 0
548, 55, 161, 241, 25, 25, 0, 0, 0, 0, 0, 0
55, 55, 32, 47, 25, 6, 38, 0, 0, 0, 0, 0
125, 25, 32, 47, 40, 38, 0, 0, 0, 0, 0, 0
38, 119, 47, 25, 40, 25, 0, 0, 0, 0, 0, 0
125, 25, 25, 32, 47, 132, 0, 0, 0, 0, 0, 0
72, 55, 52, 296, 6, 38, 0, 0, 0, 0, 0, 0
225, 323, 595, 121, 47, 25, 0, 0, 0, 0, 0, 0
38, 119, 47, 439, 25, 25, 0, 0, 0, 0, 0, 0
134, 478, 6, 219, 38, 141, 0, 0, 0, 0, 0, 0
596, 55, 52, 47, 25, 6, 38, 0, 0, 0, 0, 0
31, 131, 227, 25, 6, 38, 0, 0, 0, 0, 0, 0
72, 55, 119, 38, 40, 206, 0, 0, 0, 0, 0, 0
72, 55, 501, 6, 40, 38, 0, 0, 0, 0, 0, 0
55, 35, 85, 85, 6, 100, 0, 0, 0, 0, 0, 0
507, 25, 32, 177, 47, 40, 0, 0, 0, 0, 0, 0
597, 25, 283, 22, 47, 132, 0, 0, 0, 0, 0, 0
173, 101, 100, 565, 231, 36, 36, 0, 0, 0, 0, 0
69, 13, 35, 85, 85, 6, 100, 0, 0, 0, 0, 0
100, 116, 47, 25, 6, 38, 0, 0, 0, 0, 0, 0
38, 35, 48, 48, 54, 38, 0, 0, 0, 0, 0, 0
31, 33, 113, 66, 598, 25, 0, 0, 0, 0, 0, 0
483, 437, 32, 599, 6, 25, 25, 0, 0, 0, 0, 0
31, 146, 336, 6, 30, 6, 127, 0, 0, 0, 0, 0
207, 112, 38, 600, 601, 0, 0, 0, 0, 0, 0, 0
462, 230, 25, 31, 47, 602, 0, 0, 0, 0, 0, 0
38, 25, 131, 47, 25, 0, 0, 0, 0, 0, 0, 0
55, 55, 32, 464, 85, 6, 100, 0, 0, 0, 0, 0
55, 55, 22, 47, 25, 6, 38, 0, 0, 0, 0, 0
55, 55, 32, 31, 47, 85, 0, 0, 0, 0, 0, 0
112, 112, 35, 48, 48, 6, 38, 0, 0, 0, 0, 0
38, 68, 25, 32, 47, 100, 0, 0, 0, 0, 0, 0
483, 25, 139, 140, 85, 6, 38, 0, 0, 0, 0, 0
603, 604, 131, 48, 6, 605, 0, 0, 0, 0, 0, 0
205, 55, 35, 6, 40, 437, 0, 0, 0, 0, 0, 0
462, 25, 210, 518, 40, 38, 0, 0, 0, 0, 0, 0
228, 25, 295, 6, 47, 0, 0, 0, 0, 0, 0, 0
31, 119, 424, 85, 6, 38, 0, 0, 0, 0, 0, 0
38, 131, 47, 25, 25, 0, 0, 0, 0, 0, 0, 0
486, 606, 25, 35, 85, 141, 0, 0, 0, 0, 0, 0
59, 25, 210, 227, 90, 110, 0, 0, 0, 0, 0, 0
112, 315, 48, 6, 25, 25, 0, 0, 0, 0, 0, 0
335, 25, 119, 47, 40, 6, 38, 0, 0, 0, 0, 0
55, 55, 126, 47, 279, 25, 0, 0, 0, 0, 0, 0
607, 35, 6, 25, 25, 6, 218, 0, 0, 0, 0, 0
608, 25, 119, 191, 99, 25, 0, 0, 0, 0, 0, 0
55, 55, 75, 47, 25, 25, 0, 0, 0, 0, 0, 0
511, 112, 109, 524, 195, 25, 0, 0, 0, 0, 0, 0
31, 44, 220, 48, 47, 25, 0, 0, 0, 0, 0, 0
55, 55, 131, 66, 25, 6, 25, 0, 0, 0, 0, 0
55, 55, 522, 6, 132, 25, 0, 0, 0, 0, 0, 0
483, 437, 25, 165, 47, 520, 25, 0, 0, 0, 0, 0
134, 55, 35, 47, 40, 25, 0, 0, 0, 0, 0, 0
72, 268, 524, 25, 6, 38, 0, 0, 0, 0, 0, 0
55, 55, 35, 406, 6, 25, 0, 0, 0, 0, 0, 0
502, 55, 53, 163, 85, 85, 0, 0, 0, 0, 0, 0
55, 55, 32, 191, 40, 38, 0, 0, 0, 0, 0, 0
72, 55, 139, 47, 438, 6, 38, 0, 0, 0, 0, 0
31, 33, 36, 75, 48, 609, 0, 0, 0, 0, 0, 0
55, 55, 35, 363, 6, 258, 199, 74, 0, 0, 0, 0
55, 55, 22, 227, 25, 25, 0, 0, 0, 0, 0, 0
55, 55, 126, 40, 63, 40, 100, 0, 0, 0, 0, 0
72, 55, 32, 48, 6, 38, 0, 0, 0, 0, 0, 0
364, 112, 109, 85, 85, 0, 0, 0, 0, 0, 0, 0
566, 31, 336, 48, 6, 38, 0, 0, 0, 0, 0, 0
462, 230, 25, 32, 610, 48, 0, 0, 0, 0, 0, 0
462, 25, 139, 231, 25, 6, 25, 0, 0, 0, 0, 0
72, 55, 116, 611, 6, 40, 25, 0, 0, 0, 0, 0
31, 25, 32, 47, 193, 25, 0, 0, 0, 0, 0, 0
237, 136, 131, 47, 25, 31, 0, 0, 0, 0, 0, 0
55, 55, 75, 612, 48, 6, 38, 0, 0, 0, 0, 0
603, 25, 25, 131, 16, 40, 146, 0, 0, 0, 0, 0
82, 328, 25, 119, 48, 613, 0, 0, 0, 0, 0, 0
55, 55, 109, 614, 100, 38, 0, 0, 0, 0, 0, 0
31, 31, 32, 231, 323, 40, 0, 0, 0, 0, 0, 0
31, 40, 40, 27, 40, 33, 36, 0, 0, 0, 0, 0
458, 112, 53, 27, 6, 153, 132, 0, 0, 0, 0, 0
31, 25, 40, 165, 191, 40, 0, 0, 0, 0, 0, 0
112, 27, 85, 6, 33, 0, 0, 0, 0, 0, 0, 0
112, 52, 6, 63, 38, 0, 0, 0, 0, 0, 0, 0
31, 163, 6, 63, 173, 0, 0, 0, 0, 0, 0, 0
112, 52, 6, 36, 36, 0, 0, 0, 0, 0, 0, 0
31, 132, 27, 514, 38, 0, 0, 0, 0, 0, 0, 0
479, 36, 163, 6, 38, 0, 0, 0, 0, 0, 0, 0
112, 47, 489, 25, 81, 0, 0, 0, 0, 0, 0, 0
112, 301, 47, 63, 25, 0, 0, 0, 0, 0, 0, 0
112, 112, 615, 577, 85, 0, 0, 0, 0, 0, 0, 0
38, 163, 6, 63, 25, 0, 0, 0, 0, 0, 0, 0
294, 216, 163, 6, 40, 25, 0, 0, 0, 0, 0, 0
55, 119, 6, 166, 25, 0, 0, 0, 0, 0, 0, 0
38, 279, 38, 420, 36, 0, 0, 0, 0, 0, 0, 0
38, 32, 48, 54, 38, 0, 0, 0, 0, 0, 0, 0
31, 25, 96, 54, 132, 0, 0, 0, 0, 0, 0, 0
38, 22, 85, 6, 47, 0, 0, 0, 0, 0, 0, 0
38, 121, 85, 85, 321, 0, 0, 0, 0, 0, 0, 0
112, 45, 616, 6, 38, 0, 0, 0, 0, 0, 0, 0
38, 32, 47, 617, 38, 0, 0, 0, 0, 0, 0, 0
38, 139, 47, 25, 25, 0, 0, 0, 0, 0, 0, 0
72, 55, 96, 6, 166, 38, 0, 0, 0, 0, 0, 0
38, 139, 38, 6, 100, 0, 0, 0, 0, 0, 0, 0
38, 32, 47, 40, 38, 0, 0, 0, 0, 0, 0, 0
31, 132, 35, 47, 132, 0, 0, 0, 0, 0, 0, 0
55, 55, 22, 38, 612, 0, 0, 0, 0, 0, 0, 0
38, 75, 47, 270, 25, 0, 0, 0, 0, 0, 0, 0
38, 22, 48, 54, 38, 0, 0, 0, 0, 0, 0, 0
31, 146, 109, 6, 47, 0, 0, 0, 0, 0, 0, 0
38, 501, 47, 25, 100, 0, 0, 0, 0, 0, 0, 0
112, 121, 48, 6, 38, 0, 0, 0, 0, 0, 0, 0
284, 118, 161, 618, 38, 0, 0, 0, 0, 0, 0, 0
55, 295, 6, 25, 25, 0, 0, 0, 0, 0, 0, 0
483, 31, 52, 619, 620, 0, 0, 0, 0, 0, 0, 0
31, 25, 119, 6, 584, 0, 0, 0, 0, 0, 0, 0
38, 32, 47, 25, 38, 0, 0, 0, 0, 0, 0, 0
31, 45, 54, 88, 40, 0, 0, 0, 0, 0, 0, 0
621, 55, 161, 47, 38, 0, 0, 0, 0, 0, 0, 0
31, 431, 35, 253, 48, 0, 0, 0, 0, 0, 0, 0
59, 40, 139, 48, 48, 0, 0, 0, 0, 0, 0, 0
125, 323, 605, 615, 48, 0, 0, 0, 0, 0, 0, 0
55, 55, 119, 514, 622, 0, 0, 0, 0, 0, 0, 0
173, 531, 623, 47, 25, 0, 0, 0, 0, 0, 0, 0
55, 55, 35, 518, 25, 0, 0, 0, 0, 0, 0, 0
38, 25, 31, 624, 100, 0, 0, 0, 0, 0, 0, 0
38, 96, 54, 67, 38, 0, 0, 0, 0, 0, 0, 0
4, 389, 48, 48, 0, 0, 0, 0, 0, 0, 0, 0
83, 14, 141, 0, 0, 0, 0, 0, 0, 0, 0, 0
83, 14, 75, 6, 90, 0, 0, 0, 0, 0, 0, 0
83, 14, 55, 75, 6, 90, 141, 0, 0, 0, 0, 0
83, 200, 25, 25, 75, 6, 166, 68, 141, 0, 0, 0
100, 32, 46, 25, 0, 0, 0, 0, 0, 0, 0, 0
55, 22, 47, 25, 0, 0, 0, 0, 0, 0, 0, 0
55, 625, 48, 229, 0, 0, 0, 0, 0, 0, 0, 0
31, 45, 6, 36, 0, 0, 0, 0, 0, 0, 0, 0
184, 131, 47, 201, 0, 0, 0, 0, 0, 0, 0, 0
483, 437, 32, 47, 0, 0, 0, 0, 0, 0, 0, 0
38, 22, 36, 36, 0, 0, 0, 0, 0, 0, 0, 0
55, 55, 22, 36, 388, 0, 0, 0, 0, 0, 0, 0
38, 295, 406, 48, 47, 0, 0, 0, 0, 0, 0, 0
483, 437, 32, 47, 100, 0, 0, 0, 0, 0, 0, 0
34, 163, 177, 40, 25, 0, 0, 0, 0, 0, 0, 0
31, 109, 6, 25, 100, 0, 0, 0, 0, 0, 0, 0
100, 131, 626, 6, 25, 0, 0, 0, 0, 0, 0, 0
55, 139, 231, 25, 40, 0, 0, 0, 0, 0, 0, 0
55, 55, 31, 496, 493, 0, 0, 0, 0, 0, 0, 0
55, 139, 31, 48, 0, 0, 0, 0, 0, 0, 0, 0
38, 165, 47, 25, 44, 0, 0, 0, 0, 0, 0, 0
38, 27, 627, 48, 38, 0, 0, 0, 0, 0, 0, 0
502, 55, 163, 191, 25, 0, 0, 0, 0, 0, 0, 0
218, 27, 628, 6, 547, 0, 0, 0, 0, 0, 0, 0
55, 35, 252, 90, 25, 0, 0, 0, 0, 0, 0, 0
530, 116, 48, 66, 95, 0, 0, 0, 0, 0, 0, 0
228, 25, 210, 38, 279, 0, 0, 0, 0, 0, 0, 0
100, 32, 629, 38, 38, 0, 0, 0, 0, 0, 0, 0
502, 630, 631, 48, 47, 0, 0, 0, 0, 0, 0, 0
225, 40, 25, 128, 47, 0, 0, 0, 0, 0, 0, 0
335, 38, 409, 116, 48, 0, 0, 0, 0, 0, 0, 0
38, 22, 38, 38, 36, 0, 0, 0, 0, 0, 0, 0
494, 27, 517, 6, 38, 0, 0, 0, 0, 0, 0, 0
127, 47, 40, 38, 632, 0, 0, 0, 0, 0, 0, 0
633, 119, 191, 437, 634, 0, 0, 0, 0, 0, 0, 0
502, 55, 35, 47, 38, 0, 0, 0, 0, 0, 0, 0
55, 55, 32, 48, 48, 0, 0, 0, 0, 0, 0, 0
100, 5, 6, 132, 40, 25, 0, 0, 0, 0, 0, 0
31, 301, 46, 38, 6, 38, 0, 0, 0, 0, 0, 0
38, 370, 222, 626, 6, 47, 0, 0, 0, 0, 0, 0
38, 52, 483, 25, 25, 484, 0, 0, 0, 0, 0, 0
31, 109, 85, 6, 281, 25, 0, 0, 0, 0, 0, 0
38, 75, 401, 308, 6, 38, 0, 0, 0, 0, 0, 0
31, 27, 427, 38, 74, 635, 0, 0, 0, 0, 0, 0
502, 55, 27, 611, 308, 38, 0, 0, 0, 0, 0, 0
55, 128, 182, 85, 6, 636, 0, 0, 0, 0, 0, 0
55, 301, 48, 48, 6, 100, 0, 0, 0, 0, 0, 0
55, 96, 637, 40, 6, 36, 0, 0, 0, 0, 0, 0
638, 112, 119, 38, 25, 639, 0, 0, 0, 0, 0, 0
483, 437, 32, 31, 6, 640, 0, 0, 0, 0, 0, 0
31, 40, 641, 301, 6, 30, 0, 0, 0, 0, 0, 0
38, 45, 6, 36, 642, 130, 0, 0, 0, 0, 0, 0
55, 31, 6, 636, 643, 38, 0, 0, 0, 0, 0, 0
31, 31, 301, 85, 6, 25, 0, 0, 0, 0, 0, 0
100, 35, 47, 25, 40, 114, 0, 0, 0, 0, 0, 0
55, 55, 27, 237, 38, 644, 0, 0, 0, 0, 0, 0
55, 55, 32, 47, 47, 540, 0, 0, 0, 0, 0, 0
159, 100, 27, 330, 25, 25, 0, 0, 0, 0, 0, 0
73, 210, 47, 469, 40, 25, 0, 0, 0, 0, 0, 0
462, 55, 128, 48, 170, 25, 0, 0, 0, 0, 0, 0
263, 55, 32, 6, 13, 404, 0, 0, 0, 0, 0, 0
38, 75, 100, 31, 6, 38, 0, 0, 0, 0, 0, 0
483, 25, 139, 47, 25, 645, 0, 0, 0, 0, 0, 0
646, 161, 46, 25, 40, 40, 0, 0, 0, 0, 0, 0
100, 27, 47, 40, 25, 38, 0, 0, 0, 0, 0, 0
55, 213, 647, 40, 40, 25, 0, 0, 0, 0, 0, 0
55, 27, 48, 48, 47, 648, 0, 0, 0, 0, 0, 0
209, 119, 170, 31, 25, 527, 0, 0, 0, 0, 0, 0
38, 116, 6, 63, 40, 649, 0, 0, 0, 0, 0, 0
38, 131, 54, 47, 40, 100, 0, 0, 0, 0, 0, 0
55, 210, 48, 48, 6, 100, 0, 0, 0, 0, 0, 0
55, 55, 32, 55, 6, 206, 0, 0, 0, 0, 0, 0
55, 55, 32, 650, 651, 25, 0, 0, 0, 0, 0, 0
31, 45, 6, 36, 6, 47, 0, 0, 0, 0, 0, 0
55, 128, 170, 47, 652, 25, 0, 0, 0, 0, 0, 0
184, 27, 47, 653, 40, 25, 0, 0, 0, 0, 0, 0
55, 52, 72, 654, 6, 47, 0, 0, 0, 0, 0, 0
38, 27, 54, 166, 33, 174, 0, 0, 0, 0, 0, 0
55, 55, 119, 38, 655, 38, 0, 0, 0, 0, 0, 0
31, 25, 25, 27, 191, 583, 0, 0, 0, 0, 0, 0
72, 55, 165, 191, 437, 40, 0, 0, 0, 0, 0, 0
656, 222, 424, 85, 47, 38, 0, 0, 0, 0, 0, 0
307, 112, 165, 187, 48, 47, 0, 0, 0, 0, 0, 0
55, 55, 32, 191, 437, 634, 0, 0, 0, 0, 0, 0
184, 45, 85, 6, 258, 226, 0, 0, 0, 0, 0, 0
483, 25, 25, 165, 252, 25, 0, 0, 0, 0, 0, 0
55, 210, 46, 547, 36, 156, 0, 0, 0, 0, 0, 0
422, 161, 191, 25, 25, 40, 0, 0, 0, 0, 0, 0
31, 38, 25, 52, 47, 25, 0, 0, 0, 0, 0, 0
125, 25, 25, 126, 38, 38, 0, 0, 0, 0, 0, 0
503, 25, 35, 48, 48, 48, 0, 0, 0, 0, 0, 0
55, 55, 109, 85, 657, 6, 47, 0, 0, 0, 0, 0
31, 31, 47, 658, 40, 25, 0, 0, 0, 0, 0, 0
31, 31, 47, 658, 40, 25, 0, 0, 0, 0, 0, 0
127, 101, 38, 196, 330, 40, 659, 0, 0, 0, 0, 0
38, 131, 354, 47, 660, 622, 0, 0, 0, 0, 0, 0
38, 32, 85, 141, 54, 38, 0, 0, 0, 0, 0, 0
38, 27, 661, 67, 38, 38, 0, 0, 0, 0, 0, 0
55, 32, 31, 6, 63, 25, 0, 0, 0, 0, 0, 0
55, 32, 39, 454, 519, 437, 0, 0, 0, 0, 0, 0
55, 52, 141, 6, 258, 437, 0, 0, 0, 0, 0, 0
55, 55, 27, 38, 182, 6, 100, 0, 0, 0, 0, 0
483, 437, 32, 47, 0, 0, 0, 0, 0, 0, 0, 0
8, 9, 10, 52, 48, 0, 0, 0, 0, 0, 0, 0
0, 1, 2, 3, 0, 0, 0, 0, 0, 0, 0, 0
16, 17, 18, 19, 17, 6, 17, 20, 0, 0, 0, 0
50, 6, 17, 20, 51, 0, 0, 0, 0, 0, 0, 0
17, 19, 18, 0, 0, 0, 0, 0, 0, 0, 0, 0
53, 17, 9, 17, 17, 17, 17, 0, 0, 0, 0, 0
17, 19, 54, 17, 0, 0, 0, 0, 0, 0, 0, 0
17, 19, 17, 17, 17, 0, 0, 0, 0, 0, 0, 0
17, 19, 54, 17, 0, 0, 0, 0, 0, 0, 0, 0
17, 19, 9, 17, 0, 0, 0, 0, 0, 0, 0, 0
64, 17, 6, 65, 65, 0, 0, 0, 0, 0, 0, 0
64, 17, 17, 17, 0, 0, 0, 0, 0, 0, 0, 0
17, 19, 6, 65, 0, 0, 0, 0, 0, 0, 0, 0
17, 19, 17, 17, 0, 0, 0, 0, 0, 0, 0, 0
17, 17, 17, 6, 65, 0, 0, 0, 0, 0, 0, 0
17, 19, 17, 17, 0, 0, 0, 0, 0, 0, 0, 0
50, 17, 18, 6, 65, 0, 0, 0, 0, 0, 0, 0
17, 19, 6, 65, 80, 0, 0, 0, 0, 0, 0, 0
17, 19, 17, 17, 0, 0, 0, 0, 0, 0, 0, 0
17, 19, 18, 0, 0, 0, 0, 0, 0, 0, 0, 0
83, 17, 20, 51, 0, 0, 0, 0, 0, 0, 0, 0
1, 86, 87, 87, 86, 87, 87, 0, 0, 0, 0, 0
1, 86, 87, 86, 87, 92, 93, 94, 0, 0, 0, 0
1, 86, 87, 87, 86, 87, 87, 87, 0, 0, 0, 0
1, 104, 105, 86, 87, 92, 93, 0, 0, 0, 0, 0
1, 2, 3, 92, 93, 0, 0, 0, 0, 0, 0, 0
1, 2, 3, 92, 147, 148, 0, 0, 0, 0, 0, 0
149, 2, 3, 92, 93, 0, 0, 0, 0, 0, 0, 0
1, 86, 87, 87, 3, 0, 0, 0, 0, 0, 0, 0
149, 86, 87, 92, 93, 105, 0, 0, 0, 0, 0, 0
17, 19, 17, 17, 17, 0, 0, 0, 0, 0, 0, 0
149, 2, 92, 94, 158, 0, 0, 0, 0, 0, 0, 0
1, 86, 87, 87, 92, 93, 0, 0, 0, 0, 0, 0
149, 147, 148, 86, 87, 87, 87, 0, 0, 0, 0, 0
1, 86, 87, 87, 92, 93, 167, 92, 93, 167, 0, 0
168, 86, 87, 87, 86, 87, 87, 0, 0, 0, 0, 0
149, 2, 3, 92, 93, 105, 0, 0, 0, 0, 0, 0
1, 86, 87, 92, 93, 105, 0, 0, 0, 0, 0, 0
1, 86, 87, 92, 93, 147, 148, 92, 93, 147, 148, 0
149, 2, 86, 87, 87, 0, 0, 0, 0, 0, 0, 0
149, 2, 86, 87, 92, 93, 147, 148, 0, 0, 0, 0
1, 2, 147, 148, 80, 0, 0, 0, 0, 0, 0, 0
86, 87, 1, 86, 87, 87, 0, 0, 0, 0, 0, 0
1, 2, 92, 93, 80, 0, 0, 0, 0, 0, 0, 0
1, 2, 3, 92, 93, 0, 0, 0, 0, 0, 0, 0
149, 2, 86, 87, 80, 0, 0, 0, 0, 0, 0, 0
149, 2, 86, 87, 0, 0, 0, 0, 0, 0, 0, 0
149, 2, 3, 80, 0, 0, 0, 0, 0, 0, 0, 0
149, 94, 274, 94, 86, 87, 0, 0, 0, 0, 0, 0
1, 2, 3, 80, 0, 0, 0, 0, 0, 0, 0, 0
1, 2, 147, 148, 0, 0, 0, 0, 0, 0, 0, 0
149, 2, 94, 158, 80, 0, 0, 0, 0, 0, 0, 0
149, 2, 92, 93, 80, 0, 0, 0, 0, 0, 0, 0
149, 2, 147, 148, 0, 0, 0, 0, 0, 0, 0, 0
149, 2, 147, 148, 0, 0, 0, 0, 0, 0, 0, 0
1, 2, 92, 93, 0, 0, 0, 0, 0, 0, 0, 0
149, 2, 92, 93, 0, 0, 0, 0, 0, 0, 0, 0
1, 86, 87, 3, 92, 93, 0, 0, 0, 0, 0, 0
149, 2, 94, 158, 80, 0, 0, 0, 0, 0, 0, 0
149, 2, 92, 93, 80, 0, 0, 0, 0, 0, 0, 0
149, 2, 92, 93, 167, 80, 0, 0, 0, 0, 0, 0
149, 2, 3, 92, 93, 0, 0, 0, 0, 0, 0, 0
149, 2, 92, 93, 0, 0, 0, 0, 0, 0, 0, 0
1, 2, 92, 94, 158, 0, 0, 0, 0, 0, 0, 0
149, 2, 92, 93, 0, 0, 0, 0, 0, 0, 0, 0
1, 2, 167, 274, 167, 0, 0, 0, 0, 0, 0, 0
149, 2, 3, 277, 167, 0, 0, 0, 0, 0, 0, 0
149, 2, 3, 0, 0, 0, 0, 0, 0, 0, 0, 0
149, 2, 92, 93, 0, 0, 0, 0, 0, 0, 0, 0
149, 2, 3, 0, 0, 0, 0, 0, 0, 0, 0, 0
149, 2, 92, 93, 0, 0, 0, 0, 0, 0, 0, 0
149, 2, 92, 93, 0, 0, 0, 0, 0, 0, 0, 0
1, 2, 86, 87, 0, 0, 0, 0, 0, 0, 0, 0
149, 2, 3, 0, 0, 0, 0, 0, 0, 0, 0, 0
149, 2, 277, 105, 0, 0, 0, 0, 0, 0, 0, 0
1, 2, 92, 93, 167, 0, 0, 0, 0, 0, 0, 0
149, 2, 3, 0, 0, 0, 0, 0, 0, 0, 0, 0
149, 2, 92, 93, 80, 0, 0, 0, 0, 0, 0, 0
149, 2, 3, 92, 93, 0, 0, 0, 0, 0, 0, 0
149, 2, 3, 80, 0, 0, 0, 0, 0, 0, 0, 0
149, 2, 3, 0, 0, 0, 0, 0, 0, 0, 0, 0
149, 2, 92, 93, 80, 0, 0, 0, 0, 0, 0, 0
149, 86, 87, 3, 0, 0, 0, 0, 0, 0, 0, 0
149, 2, 92, 93, 0, 0, 0, 0, 0, 0, 0, 0
149, 105, 274, 105, 3, 0, 0, 0, 0, 0, 0, 0
149, 2, 92, 93, 0, 0, 0, 0, 0, 0, 0, 0
149, 2, 92, 93, 0, 0, 0, 0, 0, 0, 0, 0
149, 86, 87, 0, 0, 0, 0, 0, 0, 0, 0, 0
0, 149, 2, 92, 93, 0, 0, 0, 0, 0, 0, 0
149, 2, 92, 93, 80, 0, 0, 0, 0, 0, 0, 0
149, 2, 92, 93, 80, 0, 0, 0, 0, 0, 0, 0
1, 147, 148, 298, 274, 298, 0, 0, 0, 0, 0, 0
1, 2, 277, 105, 0, 0, 0, 0, 0, 0, 0, 0
1, 86, 87, 3, 0, 0, 0, 0, 0, 0, 0, 0
149, 2, 3, 80, 0, 0, 0, 0, 0, 0, 0, 0
149, 2, 3, 0, 0, 0, 0, 0, 0, 0, 0, 0
149, 2, 3, 0, 0, 0, 0, 0, 0, 0, 0, 0
149, 2, 147, 148, 0, 0, 0, 0, 0, 0, 0, 0
149, 2, 3, 0, 0, 0, 0, 0, 0, 0, 0, 0
149, 2, 147, 148, 0, 0, 0, 0, 0, 0, 0, 0
149, 2, 3, 80, 0, 0, 0, 0, 0, 0, 0, 0
149, 2, 92, 93, 105, 0, 0, 0, 0, 0, 0, 0
149, 2, 86, 87, 87, 0, 0, 0, 0, 0, 0, 0
149, 2, 92, 93, 80, 0, 0, 0, 0, 0, 0, 0
149, 2, 3, 80, 0, 0, 0, 0, 0, 0, 0, 0
1, 2, 3, 80, 0, 0, 0, 0, 0, 0, 0, 0
149, 2, 3, 80, 0, 0, 0, 0, 0, 0, 0, 0
1, 147, 148, 3, 80, 0, 0, 0, 0, 0, 0, 0
1, 147, 148, 147, 148, 80, 0, 0, 0, 0, 0, 0
1, 2, 86, 87, 0, 0, 0, 0, 0, 0, 0, 0
1, 2, 147, 148, 0, 0, 0, 0, 0, 0, 0, 0
1, 2, 92, 93, 80, 0, 0, 0, 0, 0, 0, 0
149, 2, 104, 105, 0, 0, 0, 0, 0, 0, 0, 0
149, 2, 167, 274, 167, 0, 0, 0, 0, 0, 0, 0
17, 2, 3, 277, 94, 0, 0, 0, 0, 0, 0, 0
325, 326, 298, 274, 94, 0, 0, 0, 0, 0, 0, 0
149, 94, 274, 94, 92, 93, 0, 0, 0, 0, 0, 0
329, 149, 325, 105, 0, 0, 0, 0, 0, 0, 0, 0
1, 2, 92, 93, 147, 148, 0, 0, 0, 0, 0, 0
149, 147, 148, 3, 0, 0, 0, 0, 0, 0, 0, 0
149, 2, 104, 94, 0, 0, 0, 0, 0, 0, 0, 0
149, 2, 104, 94, 0, 0, 0, 0, 0, 0, 0, 0
1, 147, 148, 92, 147, 148, 0, 0, 0, 0, 0, 0
1, 2, 92, 93, 277, 93, 0, 0, 0, 0, 0, 0
149, 2, 3, 86, 87, 87, 0, 0, 0, 0, 0, 0
149, 2, 92, 93, 105, 0, 0, 0, 0, 0, 0, 0
149, 147, 148, 3, 92, 93, 147, 148, 0, 0, 0, 0
149, 86, 87, 87, 105, 158, 92, 93, 0, 0, 0, 0
149, 86, 87, 87, 2, 0, 0, 0, 0, 0, 0, 0
149, 86, 87, 3, 92, 93, 167, 0, 0, 0, 0, 0
149, 86, 87, 86, 87, 87, 0, 0, 0, 0, 0, 0
149, 86, 87, 87, 148, 148, 92, 93, 0, 0, 0, 0
149, 86, 87, 87, 86, 87, 0, 0, 0, 0, 0, 0
149, 2, 86, 87, 87, 87, 92, 93, 105, 0, 0, 0
149, 2, 86, 87, 87, 87, 0, 0, 0, 0, 0, 0
149, 2, 86, 87, 87, 87, 0, 0, 0, 0, 0, 0
1, 2, 3, 92, 147, 148, 0, 0, 0, 0, 0, 0
149, 2, 3, 86, 87, 0, 0, 0, 0, 0, 0, 0
1, 2, 147, 148, 148, 0, 0, 0, 0, 0, 0, 0
1, 147, 148, 3, 277, 93, 105, 0, 0, 0, 0, 0
168, 86, 87, 86, 87, 87, 87, 0, 0, 0, 0, 0
1, 147, 148, 92, 93, 167, 0, 0, 0, 0, 0, 0
371, 1, 2, 92, 93, 147, 148, 0, 0, 0, 0, 0
1, 2, 92, 93, 147, 148, 0, 0, 0, 0, 0, 0
1, 147, 148, 3, 86, 87, 0, 0, 0, 0, 0, 0
149, 86, 87, 92, 93, 94, 0, 0, 0, 0, 0, 0
1, 3, 2, 92, 93, 105, 0, 0, 0, 0, 0, 0
149, 147, 148, 86, 87, 0, 0, 0, 0, 0, 0, 0
149, 2, 3, 92, 93, 105, 0, 0, 0, 0, 0, 0
149, 86, 87, 87, 87, 86, 87, 87, 0, 0, 0, 0
149, 147, 148, 147, 148, 92, 93, 0, 0, 0, 0, 0
371, 1, 2, 3, 80, 0, 0, 0, 0, 0, 0, 0
1, 147, 148, 94, 274, 94, 0, 0, 0, 0, 0, 0
1, 86, 87, 87, 3, 92, 93, 0, 0, 0, 0, 0
372, 2, 86, 87, 87, 0, 0, 0, 0, 0, 0, 0
371, 1, 86, 87, 87, 92, 93, 0, 0, 0, 0, 0
1, 2, 86, 87, 277, 86, 87, 0, 0, 0, 0, 0
1, 2, 147, 148, 92, 93, 0, 0, 0, 0, 0, 0
149, 147, 148, 92, 93, 147, 148, 92, 93, 0, 0, 0
149, 2, 147, 148, 0, 0, 0, 0, 0, 0, 0, 0
149, 147, 148, 86, 87, 87, 92, 93, 0, 0, 0, 0
149, 3, 86, 87, 87, 0, 0, 0, 0, 0, 0, 0
149, 2, 3, 105, 92, 93, 105, 0, 0, 0, 0, 0
0, 149, 2, 3, 86, 87, 0, 0, 0, 0, 0, 0
149, 2, 277, 105, 0, 0, 0, 0, 0, 0, 0, 0
149, 2, 92, 93, 80, 0, 0, 0, 0, 0, 0, 0
149, 2, 86, 87, 0, 0, 0, 0, 0, 0, 0, 0
149, 147, 148, 86, 87, 87, 0, 0, 0, 0, 0, 0
149, 2, 3, 92, 93, 0, 0, 0, 0, 0, 0, 0
149, 2, 86, 87, 0, 0, 0, 0, 0, 0, 0, 0
149, 86, 87, 277, 93, 105, 0, 0, 0, 0, 0, 0
149, 2, 3, 92, 93, 0, 0, 0, 0, 0, 0, 0
149, 147, 148, 3, 92, 147, 148, 0, 0, 0, 0, 0
149, 2, 147, 148, 0, 0, 0, 0, 0, 0, 0, 0
149, 2, 147, 148, 92, 93, 0, 0, 0, 0, 0, 0
149, 2, 3, 277, 167, 0, 0, 0, 0, 0, 0, 0
16, 149, 147, 148, 0, 0, 0, 0, 0, 0, 0, 0
149, 147, 148, 86, 87, 0, 0, 0, 0, 0, 0, 0
149, 147, 148, 147, 148, 80, 0, 0, 0, 0, 0, 0
149, 2, 3, 80, 0, 0, 0, 0, 0, 0, 0, 0
1, 2, 92, 93, 92, 93, 0, 0, 0, 0, 0, 0
1, 2, 92, 93, 277, 93, 0, 0, 0, 0, 0, 0
1, 2, 92, 93, 92, 93, 0, 0, 0, 0, 0, 0
92, 93, 147, 148, 0, 0, 0, 0, 0, 0, 0, 0
92, 93, 105, 51, 0, 0, 0, 0, 0, 0, 0, 0
1, 147, 148, 3, 92, 93, 105, 0, 0, 0, 0, 0
1, 86, 87, 86, 87, 0, 0, 0, 0, 0, 0, 0
1, 86, 87, 3, 80, 0, 0, 0, 0, 0, 0, 0
149, 86, 87, 87, 92, 93, 0, 0, 0, 0, 0, 0
1, 147, 148, 86, 87, 0, 0, 0, 0, 0, 0, 0
149, 2, 277, 93, 0, 0, 0, 0, 0, 0, 0, 0
1, 86, 87, 92, 93, 0, 0, 0, 0, 0, 0, 0
1, 2, 92, 93, 92, 93, 0, 0, 0, 0, 0, 0
1, 2, 86, 87, 92, 93, 0, 0, 0, 0, 0, 0
1, 2, 92, 93, 80, 0, 0, 0, 0, 0, 0, 0
149, 2, 3, 80, 0, 0, 0, 0, 0, 0, 0, 0
149, 2, 86, 87, 0, 0, 0, 0, 0, 0, 0, 0
149, 2, 86, 87, 0, 0, 0, 0, 0, 0, 0, 0
149, 2, 3, 0, 0, 0, 0, 0, 0, 0, 0, 0
149, 86, 87, 0, 0, 0, 0, 0, 0, 0, 0, 0
149, 2, 3, 0, 0, 0, 0, 0, 0, 0, 0, 0
372, 2, 3, 92, 93, 105, 0, 0, 0, 0, 0, 0
1, 2, 92, 93, 105, 0, 0, 0, 0, 0, 0, 0
149, 86, 87, 0, 0, 0, 0, 0, 0, 0, 0, 0
2, 87, 0, 0, 0, 0, 0, 0, 0, 0, 0, 0
2, 87, 0, 0, 0, 0, 0, 0, 0, 0, 0, 0
149, 86, 87, 92, 93, 0, 0, 0, 0, 0, 0, 0
149, 3, 2, 0, 0, 0, 0, 0, 0, 0, 0, 0
1, 2, 3, 0, 0, 0, 0, 0, 0, 0, 0, 0
149, 147, 148, 0, 0, 0, 0, 0, 0, 0, 0, 0
325, 326, 86, 87, 0, 0, 0, 0, 0, 0, 0, 0
1, 2, 86, 87, 0, 0, 0, 0, 0, 0, 0, 0
1, 2, 86, 87, 0, 0, 0, 0, 0, 0, 0, 0
149, 2, 92, 93, 0, 0, 0, 0, 0, 0, 0, 0
149, 3, 2, 0, 0, 0, 0, 0, 0, 0, 0, 0
149, 2, 86, 87, 0, 0, 0, 0, 0, 0, 0, 0
149, 2, 277, 93, 3, 0, 0, 0, 0, 0, 0, 0
325, 326, 86, 87, 87, 0, 0, 0, 0, 0, 0, 0
149, 3, 92, 93, 0, 0, 0, 0, 0, 0, 0, 0
1, 2, 86, 87, 0, 0, 0, 0, 0, 0, 0, 0
149, 2, 92, 93, 0, 0, 0, 0, 0, 0, 0, 0
1, 2, 277, 167, 0, 0, 0, 0, 0, 0, 0, 0
149, 2, 3, 0, 0, 0, 0, 0, 0, 0, 0, 0
149, 2, 92, 93, 92, 93, 0, 0, 0, 0, 0, 0
325, 326, 2, 92, 93, 80, 0, 0, 0, 0, 0, 0
149, 2, 92, 93, 0, 0, 0, 0, 0, 0, 0, 0
149, 2, 3, 0, 0, 0, 0, 0, 0, 0, 0, 0
149, 2, 277, 167, 0, 0, 0, 0, 0, 0, 0, 0
149, 2, 147, 148, 0, 0, 0, 0, 0, 0, 0, 0
149, 3, 80, 0, 0, 0, 0, 0, 0, 0, 0, 0
149, 3, 105, 92, 93, 167, 0, 0, 0, 0, 0, 0
149, 2, 92, 93, 0, 0, 0, 0, 0, 0, 0, 0
149, 2, 92, 93, 0, 0, 0, 0, 0, 0, 0, 0
149, 2, 92, 93, 0, 0, 0, 0, 0, 0, 0, 0
149, 2, 86, 87, 87, 0, 0, 0, 0, 0, 0, 0
325, 326, 86, 87, 3, 0, 0, 0, 0, 0, 0, 0
149, 3, 0, 0, 0, 0, 0, 0, 0, 0, 0, 0
149, 86, 87, 3, 92, 93, 0, 0, 0, 0, 0, 0
325, 326, 3, 0, 0, 0, 0, 0, 0, 0, 0, 0
149, 2, 277, 86, 87, 0, 0, 0, 0, 0, 0, 0
0, 149, 86, 86, 87, 0, 0, 0, 0, 0, 0, 0
0, 1, 3, 86, 87, 0, 0, 0, 0, 0, 0, 0
149, 2, 86, 87, 0, 0, 0, 0, 0, 0, 0, 0
371, 1, 92, 93, 0, 0, 0, 0, 0, 0, 0, 0
325, 326, 2, 147, 148, 0, 0, 0, 0, 0, 0, 0
0, 149, 2, 3, 105, 92, 93, 0, 0, 0, 0, 0
149, 2, 3, 80, 0, 0, 0, 0, 0, 0, 0, 0
325, 326, 2, 147, 148, 92, 93, 167, 0, 0, 0, 0
149, 3, 92, 93, 105, 0, 0, 0, 0, 0, 0, 0
149, 2, 86, 87, 0, 0, 0, 0, 0, 0, 0, 0
0, 149, 147, 148, 0, 0, 0, 0, 0, 0, 0, 0
149, 86, 87, 87, 92, 94, 158, 0, 0, 0, 0, 0
1, 3, 80, 0, 0, 0, 0, 0, 0, 0, 0, 0
1, 2, 3, 86, 87, 87, 0, 0, 0, 0, 0, 0
1, 2, 92, 93, 167, 0, 0, 0, 0, 0, 0, 0
1, 2, 3, 80, 0, 0, 0, 0, 0, 0, 0, 0
149, 2, 0, 0, 0, 0, 0, 0, 0, 0, 0, 0
149, 3, 277, 94, 158, 0, 0, 0, 0, 0, 0, 0
149, 2, 3, 0, 0, 0, 0, 0, 0, 0, 0, 0
149, 2, 3, 277, 86, 87, 0, 0, 0, 0, 0, 0
149, 2, 3, 92, 93, 0, 0, 0, 0, 0, 0, 0
149, 2, 92, 93, 0, 0, 0, 0, 0, 0, 0, 0
149, 2, 92, 93, 80, 0, 0, 0, 0, 0, 0, 0
1, 3, 2, 92, 93, 0, 0, 0, 0, 0, 0, 0
149, 2, 92, 93, 0, 0, 0, 0, 0, 0, 0, 0
149, 2, 86, 87, 87, 87, 92, 93, 0, 0, 0, 0
149, 2, 92, 93, 0, 0, 0, 0, 0, 0, 0, 0
1, 3, 92, 93, 167, 0, 0, 0, 0, 0, 0, 0
1, 86, 87, 0, 0, 0, 0, 0, 0, 0, 0, 0
149, 2, 3, 92, 93, 105, 0, 0, 0, 0, 0, 0
1, 2, 92, 93, 0, 0, 0, 0, 0, 0, 0, 0
149, 2, 3, 0, 0, 0, 0, 0, 0, 0, 0, 0
149, 2, 3, 92, 93, 0, 0, 0, 0, 0, 0, 0
149, 2, 3, 92, 93, 105, 0, 0, 0, 0, 0, 0
149, 86, 87, 87, 0, 0, 0, 0, 0, 0, 0, 0
149, 86, 87, 87, 0, 0, 0, 0, 0, 0, 0, 0
0, 1, 3, 80, 0, 0, 0, 0, 0, 0, 0, 0
149, 2, 3, 0, 0, 0, 0, 0, 0, 0, 0, 0
149, 2, 92, 93, 0, 0, 0, 0, 0, 0, 0, 0
149, 86, 87, 0, 0, 0, 0, 0, 0, 0, 0, 0
149, 2, 92, 93, 105, 0, 0, 0, 0, 0, 0, 0
149, 2, 92, 93, 0, 0, 0, 0, 0, 0, 0, 0
149, 2, 92, 93, 3, 0, 0, 0, 0, 0, 0, 0
149, 2, 3, 92, 93, 0, 0, 0, 0, 0, 0, 0
149, 2, 92, 93, 325, 167, 0, 0, 0, 0, 0, 0
149, 2, 147, 148, 0, 0, 0, 0, 0, 0, 0, 0
149, 2, 3, 92, 93, 0, 0, 0, 0, 0, 0, 0
149, 2, 86, 87, 87, 0, 0, 0, 0, 0, 0, 0
16, 149, 2, 92, 93, 0, 0, 0, 0, 0, 0, 0
149, 2, 3, 0, 0, 0, 0, 0, 0, 0, 0, 0
149, 2, 92, 93, 0, 0, 0, 0, 0, 0, 0, 0
149, 2, 3, 80, 0, 0, 0, 0, 0, 0, 0, 0
64, 149, 105, 0, 0, 0, 0, 0, 0, 0, 0, 0
149, 2, 3, 92, 93, 0, 0, 0, 0, 0, 0, 0
149, 2, 86, 87, 92, 93, 0, 0, 0, 0, 0, 0
149, 2, 92, 93, 105, 0, 0, 0, 0, 0, 0, 0
0, 149, 2, 92, 147, 148, 0, 0, 0, 0, 0, 0
325, 326, 2, 3, 80, 0, 0, 0, 0, 0, 0, 0
149, 2, 92, 147, 148, 0, 0, 0, 0, 0, 0, 0
325, 326, 2, 3, 0, 0, 0, 0, 0, 0, 0, 0
0, 149, 3, 0, 0, 0, 0, 0, 0, 0, 0, 0
149, 2, 92, 93, 0, 0, 0, 0, 0, 0, 0, 0
325, 326, 2, 3, 0, 0, 0, 0, 0, 0, 0, 0
92, 147, 148, 93, 92, 147, 148, 0, 0, 0, 0, 0
149, 2, 3, 92, 94, 158, 0, 0, 0, 0, 0, 0
149, 2, 92, 93, 0, 0, 0, 0, 0, 0, 0, 0
1, 2, 86, 87, 0, 0, 0, 0, 0, 0, 0, 0
149, 2, 3, 92, 93, 0, 0, 0, 0, 0, 0, 0
149, 2, 92, 93, 0, 0, 0, 0, 0, 0, 0, 0
329, 149, 2, 3, 86, 87, 0, 0, 0, 0, 0, 0
329, 149, 2, 3, 92, 93, 0, 0, 0, 0, 0, 0
1, 2, 3, 92, 93, 0, 0, 0, 0, 0, 0, 0
149, 2, 298, 274, 298, 0, 0, 0, 0, 0, 0, 0
149, 86, 87, 86, 87, 0, 0, 0, 0, 0, 0, 0
1, 2, 86, 87, 0, 0, 0, 0, 0, 0, 0, 0
149, 147, 148, 277, 93, 0, 0, 0, 0, 0, 0, 0
149, 2, 92, 93, 92, 93, 0, 0, 0, 0, 0, 0
149, 2, 277, 93, 3, 0, 0, 0, 0, 0, 0, 0
149, 2, 92, 93, 167, 0, 0, 0, 0, 0, 0, 0
149, 2, 92, 93, 0, 0, 0, 0, 0, 0, 0, 0
149, 2, 92, 93, 92, 93, 0, 0, 0, 0, 0, 0
149, 2, 3, 86, 87, 0, 0, 0, 0, 0, 0, 0
149, 2, 86, 87, 87, 0, 0, 0, 0, 0, 0, 0
149, 2, 104, 167, 80, 0, 0, 0, 0, 0, 0, 0
149, 2, 92, 93, 86, 87, 158, 0, 0, 0, 0, 0
149, 2, 86, 87, 87, 0, 0, 0, 0, 0, 0, 0
149, 147, 148, 3, 0, 0, 0, 0, 0, 0, 0, 0
149, 2, 92, 93, 167, 0, 0, 0, 0, 0, 0, 0
149, 2, 3, 80, 0, 0, 0, 0, 0, 0, 0, 0
149, 2, 277, 167, 92, 147, 148, 0, 0, 0, 0, 0
149, 2, 86, 87, 87, 0, 0, 0, 0, 0, 0, 0
1, 147, 148, 86, 87, 0, 0, 0, 0, 0, 0, 0
149, 147, 148, 147, 148, 92, 93, 0, 0, 0, 0, 0
149, 2, 147, 148, 92, 94, 158, 0, 0, 0, 0, 0
149, 147, 148, 86, 87, 80, 0, 0, 0, 0, 0, 0
149, 2, 147, 148, 92, 94, 158, 0, 0, 0, 0, 0
325, 326, 3, 92, 93, 0, 0, 0, 0, 0, 0, 0
149, 2, 147, 148, 92, 93, 147, 148, 0, 0, 0, 0
149, 2, 277, 93, 147, 148, 148, 0, 0, 0, 0, 0
149, 2, 92, 93, 105, 80, 0, 0, 0, 0, 0, 0
149, 2, 92, 93, 92, 93, 0, 0, 0, 0, 0, 0
371, 1, 3, 92, 93, 0, 0, 0, 0, 0, 0, 0
149, 2, 147, 148, 92, 93, 0, 0, 0, 0, 0, 0
149, 2, 3, 92, 93, 0, 0, 0, 0, 0, 0, 0
149, 2, 86, 87, 87, 0, 0, 0, 0, 0, 0, 0
149, 2, 3, 92, 93, 105, 0, 0, 0, 0, 0, 0
149, 2, 92, 93, 86, 87, 0, 0, 0, 0, 0, 0
149, 86, 87, 3, 86, 87, 87, 0, 0, 0, 0, 0
149, 86, 87, 86, 87, 86, 87, 0, 0, 0, 0, 0
149, 86, 87, 86, 87, 87, 0, 0, 0, 0, 0, 0
149, 86, 87, 2, 92, 93, 167, 0, 0, 0, 0, 0
149, 147, 148, 3, 92, 93, 105, 0, 0, 0, 0, 0
1, 147, 148, 86, 87, 80, 0, 0, 0, 0, 0, 0
1, 2, 147, 148, 80, 0, 0, 0, 0, 0, 0, 0
149, 2, 92, 93, 147, 148, 0, 0, 0, 0, 0, 0
1, 104, 147, 148, 3, 0, 0, 0, 0, 0, 0, 0
1, 2, 86, 87, 87, 92, 93, 0, 0, 0, 0, 0
149, 2, 3, 86, 87, 0, 0, 0, 0, 0, 0, 0
3, 92, 298, 92, 93, 298, 0, 0, 0, 0, 0, 0
1, 2, 3, 86, 87, 0, 0, 0, 0, 0, 0, 0
149, 2, 86, 87, 92, 93, 0, 0, 0, 0, 0, 0
1, 2, 86, 87, 274, 86, 87, 0, 0, 0, 0, 0
149, 2, 92, 93, 105, 0, 0, 0, 0, 0, 0, 0
0, 149, 2, 3, 0, 0, 0, 0, 0, 0, 0, 0
149, 86, 87, 86, 87, 0, 0, 0, 0, 0, 0, 0
149, 86, 87, 3, 92, 93, 0, 0, 0, 0, 0, 0
149, 86, 87, 3, 92, 93, 105, 0, 0, 0, 0, 0
0, 149, 2, 92, 93, 0, 0, 0, 0, 0, 0, 0
149, 2, 86, 87, 0, 0, 0, 0, 0, 0, 0, 0
0, 149, 2, 3, 0, 0, 0, 0, 0, 0, 0, 0
149, 86, 87, 87, 3, 0, 0, 0, 0, 0, 0, 0
149, 86, 87, 92, 93, 0, 0, 0, 0, 0, 0, 0
1, 86, 87, 3, 0, 0, 0, 0, 0, 0, 0, 0
0, 149, 2, 3, 80, 0, 0, 0, 0, 0, 0, 0
149, 2, 3, 80, 0, 0, 0, 0, 0, 0, 0, 0
149, 2, 92, 93, 0, 0, 0, 0, 0, 0, 0, 0
149, 2, 86, 87, 87, 0, 0, 0, 0, 0, 0, 0
149, 86, 87, 87, 87, 0, 0, 0, 0, 0, 0, 0
16, 149, 147, 148, 3, 80, 0, 0, 0, 0, 0, 0
149, 2, 92, 93, 105, 0, 0, 0, 0, 0, 0, 0
0, 149, 2, 92, 93, 105, 0, 0, 0, 0, 0, 0
149, 2, 104, 167, 0, 0, 0, 0, 0, 0, 0, 0
149, 147, 148, 92, 93, 0, 0, 0, 0, 0, 0, 0
149, 2, 3, 92, 93, 0, 0, 0, 0, 0, 0, 0
149, 2, 92, 93, 105, 0, 0, 0, 0, 0, 0, 0
149, 2, 92, 93, 105, 0, 0, 0, 0, 0, 0, 0
149, 2, 167, 1, 0, 0, 0, 0, 0, 0, 0, 0
1, 2, 3, 0, 0, 0, 0, 0, 0, 0, 0, 0
149, 2, 86, 87, 0, 0, 0, 0, 0, 0, 0, 0
149, 2, 86, 87, 92, 93, 0, 0, 0, 0, 0, 0
149, 86, 87, 87, 3, 0, 0, 0, 0, 0, 0, 0
149, 2, 86, 87, 87, 0, 0, 0, 0, 0, 0, 0
149, 2, 86, 87, 0, 0, 0, 0, 0, 0, 0, 0
1, 2, 104, 94, 0, 0, 0, 0, 0, 0, 0, 0
0, 149, 86, 87, 87, 92, 93, 0, 0, 0, 0, 0
149, 2, 86, 87, 0, 0, 0, 0, 0, 0, 0, 0
0, 149, 2, 92, 93, 147, 148, 0, 0, 0, 0, 0
149, 2, 147, 148, 0, 0, 0, 0, 0, 0, 0, 0
149, 2, 92, 93, 0, 0, 0, 0, 0, 0, 0, 0
149, 2, 86, 87, 87, 0, 0, 0, 0, 0, 0, 0
149, 86, 87, 3, 0, 0, 0, 0, 0, 0, 0, 0
149, 2, 3, 0, 0, 0, 0, 0, 0, 0, 0, 0
149, 2, 86, 87, 0, 0, 0, 0, 0, 0, 0, 0
149, 2, 3, 80, 0, 0, 0, 0, 0, 0, 0, 0
149, 2, 3, 86, 87, 0, 0, 0, 0, 0, 0, 0
149, 2, 86, 87, 87, 0, 0, 0, 0, 0, 0, 0
149, 86, 87, 87, 0, 0, 0, 0, 0, 0, 0, 0
149, 2, 147, 148, 80, 0, 0, 0, 0, 0, 0, 0
149, 2, 3, 92, 93, 147, 148, 0, 0, 0, 0, 0
149, 2, 92, 93, 80, 0, 0, 0, 0, 0, 0, 0
149, 2, 92, 94, 158, 80, 0, 0, 0, 0, 0, 0
149, 2, 86, 87, 0, 0, 0, 0, 0, 0, 0, 0
149, 2, 86, 87, 86, 87, 0, 0, 0, 0, 0, 0
149, 2, 92, 93, 0, 0, 0, 0, 0, 0, 0, 0
-1, 0, 0, 0, 0, 0, 0, 0, 0, 0, 0, 0
1, 2, 3, 92, 93, 0, 0, 0, 0, 0, 0, 0
325, 326, 92, 93, 0, 0, 0, 0, 0, 0, 0, 0
149, 2, 92, 93, 0, 0, 0, 0, 0, 0, 0, 0
149, 92, 93, 105, 0, 0, 0, 0, 0, 0, 0, 0
149, 2, 86, 87, 0, 0, 0, 0, 0, 0, 0, 0
149, 2, 147, 148, 92, 93, 0, 0, 0, 0, 0, 0
440, 149, 2, 92, 93, 0, 0, 0, 0, 0, 0, 0
0, 149, 3, 80, 0, 0, 0, 0, 0, 0, 0, 0
149, 2, 92, 93, 80, 0, 0, 0, 0, 0, 0, 0
149, 2, 92, 93, 0, 0, 0, 0, 0, 0, 0, 0
149, 2, 3, 80, 0, 0, 0, 0, 0, 0, 0, 0
149, 2, 3, 80, 0, 0, 0, 0, 0, 0, 0, 0
149, 2, 86, 87, 87, 0, 0, 0, 0, 0, 0, 0
149, 2, 3, 92, 93, 0, 0, 0, 0, 0, 0, 0
149, 2, 3, 80, 0, 0, 0, 0, 0, 0, 0, 0
149, 2, 3, 80, 0, 0, 0, 0, 0, 0, 0, 0
149, 2, 92, 93, 0, 0, 0, 0, 0, 0, 0, 0
149, 2, 86, 87, 87, 0, 0, 0, 0, 0, 0, 0
149, 2, 3, 92, 93, 0, 0, 0, 0, 0, 0, 0
149, 2, 92, 93, 0, 0, 0, 0, 0, 0, 0, 0
149, 2, 3, 92, 93, 0, 0, 0, 0, 0, 0, 0
149, 2, 1, 92, 93, 0, 0, 0, 0, 0, 0, 0
325, 326, 2, 92, 93, 0, 0, 0, 0, 0, 0, 0
149, 2, 277, 147, 148, 0, 0, 0, 0, 0, 0, 0
149, 2, 86, 87, 0, 0, 0, 0, 0, 0, 0, 0
149, 2, 92, 93, 105, 0, 0, 0, 0, 0, 0, 0
149, 2, 92, 93, 0, 0, 0, 0, 0, 0, 0, 0
149, 2, 3, 92, 93, 0, 0, 0, 0, 0, 0, 0
149, 2, 3, 92, 147, 158, 148, 0, 0, 0, 0, 0
149, 2, 92, 93, 105, 0, 0, 0, 0, 0, 0, 0
1, 2, 3, 86, 87, 0, 0, 0, 0, 0, 0, 0
149, 2, 86, 86, 87, 0, 0, 0, 0, 0, 0, 0
1, 2, 3, 92, 93, 0, 0, 0, 0, 0, 0, 0
149, 2, 86, 87, 0, 0, 0, 0, 0, 0, 0, 0
1, 2, 3, 92, 94, 158, 0, 0, 0, 0, 0, 0
149, 2, 92, 93, 105, 0, 0, 0, 0, 0, 0, 0
1, 2, 147, 148, 0, 0, 0, 0, 0, 0, 0, 0
149, 2, 92, 93, 0, 0, 0, 0, 0, 0, 0, 0
149, 2, 3, 92, 93, 0, 0, 0, 0, 0, 0, 0
1, 3, 92, 94, 158, 0, 0, 0, 0, 0, 0, 0
0, 326, 3, 80, 0, 0, 0, 0, 0, 0, 0, 0
149, 2, 92, 93, 0, 0, 0, 0, 0, 0, 0, 0
149, 2, 86, 87, 0, 0, 0, 0, 0, 0, 0, 0
149, 2, 277, 94, 158, 87, 0, 0, 0, 0, 0, 0
149, 3, 92, 93, 147, 148, 0, 0, 0, 0, 0, 0
149, 2, 147, 148, 105, 92, 93, 0, 0, 0, 0, 0
149, 2, 86, 87, 87, 0, 0, 0, 0, 0, 0, 0
149, 2, 3, 277, 93, 0, 0, 0, 0, 0, 0, 0
149, 2, 86, 87, 87, 0, 0, 0, 0, 0, 0, 0
149, 2, 86, 87, 87, 0, 0, 0, 0, 0, 0, 0
149, 2, 92, 93, 105, 0, 0, 0, 0, 0, 0, 0
149, 2, 92, 93, 80, 0, 0, 0, 0, 0, 0, 0
149, 2, 147, 148, 92, 94, 158, 0, 0, 0, 0, 0
149, 2, 3, 80, 0, 0, 0, 0, 0, 0, 0, 0
149, 2, 86, 87, 0, 0, 0, 0, 0, 0, 0, 0
149, 2, 92, 93, 92, 93, 0, 0, 0, 0, 0, 0
1, 2, 147, 148, 80, 0, 0, 0, 0, 0, 0, 0
149, 2, 92, 93, 105, 0, 0, 0, 0, 0, 0, 0
149, 92, 93, 105, 147, 148, 0, 0, 0, 0, 0, 0
149, 2, 92, 93, 80, 0, 0, 0, 0, 0, 0, 0
0, 149, 86, 87, 87, 92, 93, 0, 0, 0, 0, 0
149, 86, 87, 87, 92, 93, 105, 0, 0, 0, 0, 0
1, 86, 87, 86, 87, 87, 0, 0, 0, 0, 0, 0
0, 149, 86, 87, 86, 87, 87, 0, 0, 0, 0, 0
1, 2, 147, 148, 92, 93, 0, 0, 0, 0, 0, 0
149, 147, 148, 92, 93, 0, 0, 0, 0, 0, 0, 0
325, 326, 86, 87, 87, 3, 0, 0, 0, 0, 0, 0
0, 149, 86, 87, 86, 87, 87, 0, 0, 0, 0, 0
1, 2, 86, 87, 0, 0, 0, 0, 0, 0, 0, 0
1, 2, 86, 87, 0, 0, 0, 0, 0, 0, 0, 0
149, 2, 3, 80, 0, 0, 0, 0, 0, 0, 0, 0
1, 2, 92, 93, 167, 0, 0, 0, 0, 0, 0, 0
149, 86, 87, 3, 0, 0, 0, 0, 0, 0, 0, 0
149, 2, 86, 87, 87, 0, 0, 0, 0, 0, 0, 0
64, 149, 86, 87, 87, 0, 0, 0, 0, 0, 0, 0
149, 2, 92, 93, 105, 80, 0, 0, 0, 0, 0, 0
149, 2, 92, 93, 80, 0, 0, 0, 0, 0, 0, 0
325, 326, 147, 148, 0, 0, 0, 0, 0, 0, 0, 0
1, 2, 3, 92, 93, 0, 0, 0, 0, 0, 0, 0
149, 2, 92, 93, 0, 0, 0, 0, 0, 0, 0, 0
149, 2, 3, 80, 0, 0, 0, 0, 0, 0, 0, 0
149, 86, 87, 92, 93, 0, 0, 0, 0, 0, 0, 0
1, 2, 92, 93, 147, 148, 0, 0, 0, 0, 0, 0
1, 147, 148, 92, 147, 148, 0, 0, 0, 0, 0, 0
149, 2, 92, 93, 80, 0, 0, 0, 0, 0, 0, 0
149, 2, 92, 93, 0, 0, 0, 0, 0, 0, 0, 0
149, 2, 92, 93, 105, 0, 0, 0, 0, 0, 0, 0
325, 326, 2, 86, 87, 0, 0, 0, 0, 0, 0, 0
149, 2, 92, 93, 0, 0, 0, 0, 0, 0, 0, 0
149, 2, 3, 0, 0, 0, 0, 0, 0, 0, 0, 0
149, 2, 92, 93, 0, 0, 0, 0, 0, 0, 0, 0
149, 86, 87, 3, 0, 0, 0, 0, 0, 0, 0, 0
149, 2, 3, 0, 0, 0, 0, 0, 0, 0, 0, 0
149, 2, 3, 0, 0, 0, 0, 0, 0, 0, 0, 0
149, 2, 86, 87, 0, 0, 0, 0, 0, 0, 0, 0
149, 2, 92, 93, 0, 0, 0, 0, 0, 0, 0, 0
1, 3, 148, 148, 0, 0, 0, 0, 0, 0, 0, 0
1, 2, 92, 93, 0, 0, 0, 0, 0, 0, 0, 0
149, 2, 3, 0, 0, 0, 0, 0, 0, 0, 0, 0
1, 86, 87, 3, 277, 93, 0, 0, 0, 0, 0, 0
149, 2, 86, 87, 0, 0, 0, 0, 0, 0, 0, 0
149, 2, 3, 0, 0, 0, 0, 0, 0, 0, 0, 0
149, 2, 86, 87, 0, 0, 0, 0, 0, 0, 0, 0
1, 2, 3, 92, 93, 0, 0, 0, 0, 0, 0, 0
1, 86, 87, 87, 0, 0, 0, 0, 0, 0, 0, 0
149, 2, 86, 87, 92, 93, 0, 0, 0, 0, 0, 0
149, 2, 92, 93, 92, 93, 0, 0, 0, 0, 0, 0
1, 2, 3, 0, 0, 0, 0, 0, 0, 0, 0, 0
149, 2, 3, 0, 0, 0, 0, 0, 0, 0, 0, 0
1, 92, 93, 80, 0, 0, 0, 0, 0, 0, 0, 0
1, 2, 86, 87, 0, 0, 0, 0, 0, 0, 0, 0
1, 2, 3, 0, 0, 0, 0, 0, 0, 0, 0, 0
1, 2, 92, 93, 0, 0, 0, 0, 0, 0, 0, 0
1, 2, 92, 93, 0, 0, 0, 0, 0, 0, 0, 0
1, 2, 3, 0, 0, 0, 0, 0, 0, 0, 0, 0
1, 2, 3, 0, 0, 0, 0, 0, 0, 0, 0, 0
1, 86, 87, 0, 0, 0, 0, 0, 0, 0, 0, 0
149, 2, 92, 93, 0, 0, 0, 0, 0, 0, 0, 0
1, 2, 92, 93, 0, 0, 0, 0, 0, 0, 0, 0
149, 2, 3, 0, 0, 0, 0, 0, 0, 0, 0, 0
149, 86, 87, 87, 92, 93, 0, 0, 0, 0, 0, 0
149, 2, 3, 92, 93, 0, 0, 0, 0, 0, 0, 0
149, 2, 92, 93, 105, 0, 0, 0, 0, 0, 0, 0
149, 86, 87, 0, 0, 0, 0, 0, 0, 0, 0, 0
149, 86, 87, 87, 0, 0, 0, 0, 0, 0, 0, 0
325, 326, 2, 86, 87, 0, 0, 0, 0, 0, 0, 0
325, 326, 3, 0, 0, 0, 0, 0, 0, 0, 0, 0
325, 326, 2, 92, 93, 0, 0, 0, 0, 0, 0, 0
1, 92, 147, 148, 0, 0, 0, 0, 0, 0, 0, 0
1, 86, 86, 87, 0, 0, 0, 0, 0, 0, 0, 0
1, 2, 3, 92, 93, 0, 0, 0, 0, 0, 0, 0
149, 2, 3, 0, 0, 0, 0, 0, 0, 0, 0, 0
149, 2, 86, 87, 0, 0, 0, 0, 0, 0, 0, 0
149, 2, 3, 0, 0, 0, 0, 0, 0, 0, 0, 0
149, 2, 3, 0, 0, 0, 0, 0, 0, 0, 0, 0
149, 3, 80, 0, 0, 0, 0, 0, 0, 0, 0, 0
149, 92, 93, 80, 0, 0, 0, 0, 0, 0, 0, 0
149, 2, 86, 87, 0, 0, 0, 0, 0, 0, 0, 0
1, 86, 87, 0, 0, 0, 0, 0, 0, 0, 0, 0
1, 86, 87, 0, 0, 0, 0, 0, 0, 0, 0, 0
1, 86, 87, 0, 0, 0, 0, 0, 0, 0, 0, 0
149, 3, 92, 0, 0, 0, 0, 0, 0, 0, 0, 0
149, 3, 92, 93, 0, 0, 0, 0, 0, 0, 0, 0
461, 92, 93, 2, 0, 0, 0, 0, 0, 0, 0, 0
149, 2, 3, 0, 0, 0, 0, 0, 0, 0, 0, 0
149, 2, 3, 0, 0, 0, 0, 0, 0, 0, 0, 0
149, 3, 2, 0, 0, 0, 0, 0, 0, 0, 0, 0
329, 149, 2, 3, 0, 0, 0, 0, 0, 0, 0, 0
149, 2, 3, 0, 0, 0, 0, 0, 0, 0, 0, 0
149, 2, 3, 92, 93, 0, 0, 0, 0, 0, 0, 0
149, 2, 3, 0, 0, 0, 0, 0, 0, 0, 0, 0
149, 2, 3, 0, 0, 0, 0, 0, 0, 0, 0, 0
1, 2, 92, 93, 93, 0, 0, 0, 0, 0, 0, 0
1, 2, 3, 92, 93, 0, 0, 0, 0, 0, 0, 0
149, 2, 92, 93, 0, 0, 0, 0, 0, 0, 0, 0
149, 2, 3, 0, 0, 0, 0, 0, 0, 0, 0, 0
329, 149, 2, 92, 93, 0, 0, 0, 0, 0, 0, 0
329, 149, 3, 2, 0, 0, 0, 0, 0, 0, 0, 0
149, 2, 86, 87, 0, 0, 0, 0, 0, 0, 0, 0
149, 2, 3, 92, 93, 0, 0, 0, 0, 0, 0, 0
1, 2, 92, 93, 0, 0, 0, 0, 0, 0, 0, 0
1, 2, 86, 87, 87, 0, 0, 0, 0, 0, 0, 0
1, 2, 3, 92, 93, 0, 0, 0, 0, 0, 0, 0
86, 87, 0, 0, 0, 0, 0, 0, 0, 0, 0, 0
149, 2, 86, 87, 0, 0, 0, 0, 0, 0, 0, 0
149, 2, 86, 87, 277, 93, 0, 0, 0, 0, 0, 0
329, 149, 86, 87, 87, 0, 0, 0, 0, 0, 0, 0
1, 86, 87, 87, 0, 0, 0, 0, 0, 0, 0, 0
149, 3, 0, 0, 0, 0, 0, 0, 0, 0, 0, 0
149, 3, 80, 0, 0, 0, 0, 0, 0, 0, 0, 0
477, 51, 0, 0, 0, 0, 0, 0, 0, 0, 0, 0
477, 51, 0, 0, 0, 0, 0, 0, 0, 0, 0, 0
477, 51, 0, 0, 0, 0, 0, 0, 0, 0, 0, 0
149, 2, 92, 93, 0, 0, 0, 0, 0, 0, 0, 0
149, 2, 92, 93, 0, 0, 0, 0, 0, 0, 0, 0
1, 86, 87, 0, 0, 0, 0, 0, 0, 0, 0, 0
1, 87, 0, 0, 0, 0, 0, 0, 0, 0, 0, 0
149, 3, 0, 0, 0, 0, 0, 0, 0, 0, 0, 0
92, 0, 0, 0, 0, 0, 0, 0, 0, 0, 0, 0
149, 86, 87, 0, 0, 0, 0, 0, 0, 0, 0, 0
1, 2, 3, 0, 0, 0, 0, 0, 0, 0, 0, 0
149, 2, 3, 0, 0, 0, 0, 0, 0, 0, 0, 0
149, 2, 92, 93, 0, 0, 0, 0, 0, 0, 0, 0
1, 2, 3, 0, 0, 0, 0, 0, 0, 0, 0, 0
1, 2, 3, 0, 0, 0, 0, 0, 0, 0, 0, 0
1, 2, 92, 93, 0, 0, 0, 0, 0, 0, 0, 0
149, 2, 3, 0, 0, 0, 0, 0, 0, 0, 0, 0
1, 2, 3, 0, 0, 0, 0, 0, 0, 0, 0, 0
149, 2, 3, 0, 0, 0, 0, 0, 0, 0, 0, 0
149, 2, 3, 0, 0, 0, 0, 0, 0, 0, 0, 0
1, 2, 3, 0, 0, 0, 0, 0, 0, 0, 0, 0
149, 2, 3, 0, 0, 0, 0, 0, 0, 0, 0, 0
149, 2, 3, 0, 0, 0, 0, 0, 0, 0, 0, 0
149, 2, 3, 0, 0, 0, 0, 0, 0, 0, 0, 0
149, 2, 3, 0, 0, 0, 0, 0, 0, 0, 0, 0
149, 2, 3, 0, 0, 0, 0, 0, 0, 0, 0, 0
1, 2, 3, 0, 0, 0, 0, 0, 0, 0, 0, 0
149, 2, 3, 0, 0, 0, 0, 0, 0, 0, 0, 0
149, 2, 3, 0, 0, 0, 0, 0, 0, 0, 0, 0
149, 2, 3, 0, 0, 0, 0, 0, 0, 0, 0, 0
1, 2, 87, 86, 87, 87, 0, 0, 0, 0, 0, 0
64, 1, 92, 93, 0, 0, 0, 0, 0, 0, 0, 0
149, 86, 87, 92, 93, 0, 0, 0, 0, 0, 0, 0
1, 86, 87, 3, 80, 0, 0, 0, 0, 0, 0, 0
1, 86, 87, 87, 3, 0, 0, 0, 0, 0, 0, 0
1, 2, 86, 87, 80, 0, 0, 0, 0, 0, 0, 0
92, 147, 148, 92, 147, 148, 93, 0, 0, 0, 0, 0
149, 86, 87, 87, 3, 80, 0, 0, 0, 0, 0, 0
1, 147, 148, 86, 87, 92, 93, 0, 0, 0, 0, 0
92, 147, 148, 92, 147, 148, 93, 0, 0, 0, 0, 0
86, 87, 1, 92, 93, 92, 93, 0, 0, 0, 0, 0
86, 87, 105, 92, 93, 105, 0, 0, 0, 0, 0, 0
149, 2, 92, 93, 80, 0, 0, 0, 0, 0, 0, 0
149, 2, 277, 93, 167, 0, 0, 0, 0, 0, 0, 0
149, 2, 92, 93, 167, 0, 0, 0, 0, 0, 0, 0
149, 2, 92, 93, 167, 0, 0, 0, 0, 0, 0, 0
64, 1, 92, 93, 0, 0, 0, 0, 0, 0, 0, 0
1, 87, 87, 3, 0, 0, 0, 0, 0, 0, 0, 0
149, 86, 87, 92, 93, 105, 0, 0, 0, 0, 0, 0
149, 2, 0, 0, 0, 0, 0, 0, 0, 0, 0, 0
16, 149, 3, 2, 1, 92, 94, 158, 0, 0, 0, 0
149, 2, 92, 93, 167, 0, 0, 0, 0, 0, 0, 0