0,1,2,3,4,0,0,0,0,0,0,2
5,6,6,3,7,1,0,0,0,0,0,1
4,1,8,6,9,10,3,0,0,0,0,2
11,12,4,2,12,13,3,1,0,0,0,3
14,15,13,16,17,3,18,0,0,0,0,2
19,9,1,3,12,20,0,0,0,0,0,4
17,17,21,22,9,23,24,1,0,0,0,3
2,25,26,27,1,0,0,0,0,0,0,2
4,28,29,30,31,32,0,0,0,0,0,1
12,13,6,12,12,12,0,0,0,0,0,1
33,34,13,1,3,12,13,1,0,0,0,1
35,36,37,17,38,13,21,0,0,0,0,2
39,17,17,3,40,0,0,0,0,0,0,3
2,12,13,3,41,2,10,3,0,0,0,2
17,2,17,3,3,42,17,0,0,0,0,1
43,5,6,44,45,46,27,47,0,0,0,2
2,1,37,21,48,3,1,0,0,0,0,2
17,12,45,49,1,1,17,0,0,0,0,2
51,2,52,21,53,54,21,0,0,0,0,1
55,6,6,56,13,3,57,1,0,0,0,4
33,58,3,59,60,3,12,0,0,0,0,2
17,61,17,62,63,13,64,44,0,0,0,3
33,65,66,67,13,1,3,6,0,0,0,1
17,33,9,1,3,3,42,17,0,0,0,2
35,1,13,70,57,0,0,0,0,0,0,2
12,36,71,12,72,0,0,0,0,0,0,2
73,13,74,3,1,13,12,0,0,0,0,1
17,75,6,12,13,76,0,0,0,0,0,5
2,42,1,3,77,9,1,12,0,0,0,3
33,78,12,79,17,3,80,0,0,0,0,1
17,17,68,6,13,81,1,0,0,0,0,2
5,82,13,83,1,9,27,84,0,0,0,2
33,85,12,17,12,86,1,0,0,0,0,1
12,87,34,12,62,88,89,44,0,0,0,1
90,88,13,36,17,12,0,0,0,0,0,1
2,85,28,91,33,3,0,0,0,0,0,1
92,93,1,94,95,96,1,0,0,0,0,3
97,64,98,27,1,99,1,0,0,0,0,2
17,100,101,17,49,17,21,102,0,0,0,1
73,73,12,13,17,96,17,0,0,0,0,3
33,33,103,0,0,0,0,0,0,0,0,3
33,33,53,12,17,0,0,0,0,0,0,2
0,104,3,3,13,105,0,0,0,0,0,2
17,5,106,107,3,0,0,0,0,0,0,1
17,98,13,108,1,109,17,9,17,0,0,1
110,2,12,1,0,0,0,0,0,0,0,1
2,2,13,74,111,6,0,0,0,0,0,1
33,33,2,112,1,0,0,0,0,0,0,2
113,1,1,3,114,0,0,0,0,0,0,4
33,12,67,115,15,44,0,0,0,0,0,1
116,12,48,12,34,13,1,3,1,0,0,4
17,105,117,118,33,0,0,0,0,0,0,2
33,2,21,9,52,0,0,0,0,0,0,1
90,3,1,17,119,9,17,1,0,0,0,2
0,120,69,6,121,13,3,1,12,0,0,2
5,5,122,3,123,13,124,0,0,0,0,2
125,41,9,1,126,1,3,0,0,0,0,2
127,128,54,21,13,100,1,17,0,0,0,1
17,130,4,3,17,0,0,0,0,0,0,1
134,116,135,1,136,1,0,0,0,0,0,2
2,1,1,9,52,6,6,0,0,0,0,3
43,5,22,137,9,52,3,0,0,0,0,2
2,1,44,26,138,139,4,0,0,0,0,2
33,33,2,62,17,13,4,3,0,0,0,2
17,17,140,3,17,1,0,0,0,0,0,3
2,3,141,142,12,143,0,0,0,0,0,2
2,21,144,145,12,74,1,0,0,0,0,3
55,146,1,37,46,1,9,10,0,0,0,3
147,148,149,150,151,13,12,0,0,0,0,2
33,2,13,27,152,89,0,0,0,0,0,1
156,12,3,157,158,3,0,0,0,0,0,2
159,12,34,0,0,0,0,0,0,0,0,2
5,13,1,1,3,13,1,1,0,0,0,5
33,33,27,44,6,44,0,0,0,0,0,2
2,17,160,21,3,157,0,0,0,0,0,2
17,17,6,3,9,1,161,162,163,0,0,3
33,164,44,13,27,165,166,9,1,0,0,1
33,167,168,149,6,3,169,0,0,0,0,1
170,17,171,13,42,10,2,17,0,0,0,2
5,5,116,12,98,33,93,0,0,0,0,3
17,172,44,44,173,1,1,0,0,0,0,1
5,12,1,13,1,1,0,0,0,0,0,1
174,175,176,1,2,172,17,177,44,0,0,5
178,4,9,154,1,2,1,0,0,0,0,2
33,3,1,2,1,179,166,0,0,0,0,2
180,65,21,21,181,1,0,0,0,0,0,1
5,5,3,42,3,6,0,0,0,0,0,2
0,1,182,183,184,29,185,166,0,0,0,4
186,187,12,165,3,1,13,141,163,0,0,2
12,62,188,189,190,60,17,0,0,0,0,1
33,191,98,12,17,3,6,0,0,0,0,2
12,29,33,192,26,21,12,165,166,0,0,1
124,44,3,6,84,9,193,0,0,0,0,1
33,194,87,31,195,196,197,0,0,0,0,2
2,12,145,198,199,9,3,41,0,0,0,1
200,9,6,201,202,166,3,0,0,0,0,4
2,64,37,17,2,100,1,12,0,0,0,2
2,12,207,88,208,6,65,2,10,0,0,3
147,21,49,64,209,166,3,17,0,0,0,2
17,53,44,210,1,9,4,109,17,0,0,1
33,167,21,2,13,27,166,0,0,0,0,1
113,12,12,211,34,13,212,0,0,0,0,4
33,215,12,10,216,3,0,0,0,0,0,1
17,2,33,217,218,219,218,220,0,0,0,1
125,41,203,202,2,2,124,0,0,0,0,2
17,172,222,3,13,3,1,0,0,0,0,1
75,4,171,13,223,9,17,0,0,0,0,2
17,26,33,9,224,1,0,0,0,0,0,1
33,21,45,13,66,225,1,0,0,0,0,1
17,17,172,226,1,1,3,0,0,0,0,2
33,227,117,15,228,229,0,0,0,0,0,1
113,4,12,12,88,230,231,232,0,0,0,3
4,26,6,6,233,3,1,0,0,0,0,1
234,5,235,225,12,236,3,64,0,0,0,2
2,1,1,237,1,6,228,1,0,0,0,3
9,3,4,88,125,41,0,0,0,0,0,3
147,21,96,6,6,13,83,0,0,0,0,3
2,33,53,238,239,12,0,0,0,0,0,2
240,96,3,1,12,17,3,0,0,0,0,2
2,34,72,241,2,1,242,12,0,0,0,1
2,164,21,13,243,6,96,17,0,0,0,1
17,17,12,163,179,1,0,0,0,0,0,2
4,246,1,0,0,0,0,0,0,0,0,1
2,3,17,9,163,0,0,0,0,0,0,3
55,139,22,8,1,12,0,0,0,0,0,2
156,12,6,44,12,3,4,0,0,0,0,2
247,1,53,17,13,7,12,0,0,0,0,2
50,116,12,248,13,12,0,0,0,0,0,2
2,6,3,3,13,12,0,0,0,0,0,4
55,6,3,1,9,3,3,0,0,0,0,4
17,17,2,13,64,17,253,17,0,0,0,2
193,2,13,1,4,96,17,0,0,0,0,1
2,3,1,12,65,12,83,0,0,0,0,4
256,12,45,257,5,3,3,0,0,0,0,2
258,259,44,12,17,138,260,0,0,0,0,2
2,261,6,262,3,100,17,0,0,0,0,5
33,2,2,1,12,0,0,0,0,0,0,1
5,5,3,263,149,225,0,0,0,0,0,2
202,166,65,96,3,3,0,0,0,0,0,2
17,105,264,3,265,64,0,0,0,0,0,2
266,164,162,1,9,17,12,6,3,0,0,1
5,13,165,166,245,0,0,0,0,0,0,5
33,2,44,44,96,143,0,0,0,0,0,1
33,33,65,3,3,36,1,0,0,0,0,2
5,5,267,3,3,1,0,0,0,0,0,5
2,6,53,12,1,1,0,0,0,0,0,2
33,2,2,64,1,268,13,1,0,0,0,1
33,2,91,269,3,0,0,0,0,0,0,2
234,270,3,64,96,10,89,0,0,0,0,2
158,5,110,12,12,80,271,33,0,0,0,4
272,2,3,33,273,3,42,1,0,0,0,2
274,110,17,275,3,3,0,0,0,0,0,3
19,12,42,276,3,12,0,0,0,0,0,1
17,116,197,171,277,0,0,0,0,0,0,1
73,278,279,3,4,3,1,280,12,0,0,5
17,281,13,17,0,0,0,0,0,0,0,2
2,183,282,283,165,166,0,0,0,0,0,3
284,33,26,285,27,3,1,0,0,0,0,2
202,165,286,235,23,4,3,0,0,0,0,3
33,287,13,3,12,6,0,0,0,0,0,2
249,171,12,12,13,288,17,109,17,0,0,1
6,89,9,7,42,1,0,0,0,0,0,3
289,1,1,3,263,3,0,0,0,0,0,3
4,22,17,109,17,290,217,44,0,0,0,1
4,65,44,12,12,33,169,0,0,0,0,2
125,41,17,2,2,164,33,33,0,0,0,4
2,291,1,2,292,6,3,0,0,0,0,3
2,2,295,198,44,3,0,0,0,0,0,2
2,264,9,1,3,171,17,0,0,0,0,1
2,1,9,296,1,3,297,0,0,0,0,2
17,264,298,12,1,299,12,0,0,0,0,1
17,145,12,3,6,13,3,163,0,0,0,1
234,5,235,152,12,236,1,0,0,0,0,2
17,164,6,9,1,1,12,163,0,0,0,1
200,3,17,6,171,300,301,0,0,0,0,3
2,4,2,302,2,0,0,0,0,0,0,5
12,3,3,17,303,304,13,83,0,0,0,1
72,2,3,17,88,239,13,3,0,0,0,4
240,235,2,305,284,2,0,0,0,0,0,4
2,6,306,1,3,1,13,4,0,0,0,4
4,3,1,1,0,0,0,0,0,0,0,1
258,2,33,307,3,308,3,0,0,0,0,1
2,249,12,115,217,309,0,0,0,0,0,2
156,12,264,13,68,9,124,0,0,0,0,2
156,4,197,310,17,0,0,0,0,0,0,2
6,267,292,311,139,12,0,0,0,0,0,2
2,315,21,13,3,1,316,0,0,0,0,1
2,17,17,17,6,2,33,195,0,0,0,3
2,56,167,54,21,216,0,0,0,0,0,2
266,33,317,53,318,1,62,12,0,0,0,2
17,26,117,319,12,1,1,0,0,0,0,1
33,33,172,2,0,0,0,0,0,0,0,2
2,1,12,320,12,283,42,283,1,0,0,2
5,96,42,321,1,322,12,0,0,0,0,2
33,323,2,21,21,12,240,82,0,0,0,2
82,5,5,2,6,44,49,17,17,0,0,3
257,324,283,1,0,0,0,0,0,0,0,2
2,143,325,13,12,13,83,0,0,0,0,2
326,2,326,9,175,12,0,0,0,0,0,2
134,49,3,3,13,327,1,0,0,0,0,4
33,33,13,160,33,328,72,17,0,0,0,2
30,326,13,42,1,13,244,12,0,0,0,1
2,329,6,6,45,12,3,41,2,0,0,1
82,5,12,6,168,1,330,0,0,0,0,3
258,333,12,12,62,334,12,1,0,0,0,4
73,5,12,5,3,17,0,0,0,0,0,2
335,21,336,0,0,0,0,0,0,0,0,1
4,2,17,6,49,329,154,6,6,0,0,1
9,154,17,72,111,337,21,12,0,0,0,3
17,172,339,340,9,1,330,109,17,0,0,1
43,5,3,1,12,12,235,341,0,0,0,2
55,27,12,65,12,1,17,0,0,0,0,3
5,187,172,6,15,12,56,2,89,0,0,2
17,17,3,124,12,26,345,0,0,0,0,5
17,37,13,17,17,347,6,0,0,0,0,2
4,33,171,21,13,17,96,17,0,0,0,1
17,2,2,33,51,13,17,348,0,0,0,2
349,33,22,350,12,351,115,0,0,0,0,2
352,353,184,98,72,1,354,1,0,0,0,2
116,270,338,12,2,335,3,1,0,0,0,2
46,1,9,355,126,17,1,0,0,0,0,1
356,172,96,1,62,87,357,17,358,0,0,1
4,37,3,12,1,3,0,0,0,0,0,1
343,33,33,65,198,359,245,0,0,0,0,3
17,17,115,13,1,0,0,0,0,0,0,2
356,1,15,362,277,0,0,0,0,0,0,4
234,104,12,199,44,365,1,0,0,0,0,2
33,33,17,366,64,2,367,0,0,0,0,2
2,12,235,1,13,369,1,1,0,0,0,1
17,4,370,12,12,23,12,0,0,0,0,2
33,33,171,146,13,3,1,0,0,0,0,2
371,64,13,17,0,0,0,0,0,0,0,2
159,6,6,2,13,59,3,0,0,0,0,1
156,12,2,3,1,1,3,0,0,0,0,2
17,53,6,6,12,372,1,373,0,0,0,1
17,2,33,374,13,17,209,3,375,0,0,1
352,376,12,21,1,12,163,0,0,0,0,2
2,17,17,37,13,3,1,377,0,0,0,3
5,5,5,82,0,0,0,0,0,0,0,4
113,1,73,110,324,12,0,0,0,0,0,2
156,5,33,378,117,13,1,0,0,0,0,2
33,33,29,2,21,96,17,0,0,0,0,2
379,17,13,64,12,380,6,0,0,0,0,2
381,5,382,383,1,0,0,0,0,0,0,2
384,12,6,6,385,181,17,0,0,0,0,2
200,13,59,1,1,13,288,193,0,0,0,5
2,12,141,330,386,235,1,0,0,0,0,1
343,33,37,387,226,12,0,0,0,0,0,2
256,3,12,145,21,12,0,0,0,0,0,3
200,17,1,390,3,17,17,17,0,0,0,3
33,162,27,1,9,10,0,0,0,0,0,2
202,166,29,2,1,13,1,0,0,0,0,2
247,12,17,214,154,141,1,0,0,0,0,4
5,391,49,25,3,42,17,0,0,0,0,2
2,3,12,87,6,3,17,0,0,0,0,1
2,12,5,392,0,0,0,0,0,0,0,4
4,370,371,163,3,393,0,0,0,0,0,1
17,164,61,394,13,1,9,100,17,0,0,1
17,164,6,6,12,17,6,0,0,0,0,1
397,116,398,3,17,214,1,0,0,0,0,3
401,12,402,64,21,172,0,0,0,0,0,2
202,166,2,13,42,17,17,0,0,0,0,2
2,3,13,6,13,1,1,0,0,0,0,2
403,1,98,12,108,12,165,166,404,0,0,2
43,5,405,406,21,88,33,245,0,0,0,2
407,171,17,3,13,251,17,0,0,0,0,1
5,37,3,351,44,13,224,17,0,0,0,1
258,145,31,1,3,6,0,0,0,0,0,1
270,5,2,1,13,17,0,0,0,0,0,3
33,33,117,199,219,6,3,223,0,0,0,2
408,409,12,199,13,283,6,410,0,0,0,3
43,5,304,3,104,3,6,17,0,0,0,2
12,12,411,9,165,166,3,12,0,0,0,3
240,5,412,1,1,101,12,0,0,0,0,3
0,17,378,4,162,17,6,0,0,0,0,2
2,17,13,12,219,195,0,0,0,0,0,2
413,26,2,6,12,17,0,0,0,0,0,1
2,17,3,13,414,6,6,12,0,0,0,3
124,21,21,12,6,415,3,0,0,0,0,1
180,363,3,3,166,0,0,0,0,0,0,1
416,417,9,418,3,4,67,0,0,0,0,2
17,2,419,13,1,4,3,1,0,0,0,1
73,6,12,12,264,44,12,3,1,0,0,4
2,3,1,1,168,6,0,0,0,0,0,4
420,292,1,13,1,1,0,0,0,0,0,1
33,22,363,17,1,17,96,17,0,0,0,1
17,337,13,394,17,17,2,12,64,0,0,1
2,421,1,1,17,0,0,0,0,0,0,5
113,12,411,329,3,17,12,0,0,0,0,3
2,12,23,60,422,49,70,17,0,0,0,1
4,12,235,27,1,1,0,0,0,0,0,1
17,164,12,235,64,13,225,0,0,0,0,1
5,2,267,141,257,66,64,3,0,0,0,1
127,13,423,17,424,44,13,425,0,0,0,3
33,12,273,3,6,17,12,0,0,0,0,1
426,12,0,0,0,0,0,0,0,0,0,2
33,26,428,429,17,17,0,0,0,0,0,1
33,431,12,1,1,0,0,0,0,0,0,1
33,3,432,6,6,2,52,0,0,0,0,1
50,5,433,71,61,166,206,0,0,0,0,3
2,141,1,13,6,6,409,17,0,0,0,3
2,141,1,3,0,0,0,0,0,0,0,4
39,335,87,434,435,4,17,1,0,0,0,2
0,17,34,185,1,17,13,394,0,0,0,2
436,12,160,437,3,438,263,0,0,0,0,1
12,439,21,6,6,9,17,0,0,0,0,1
156,17,440,441,9,163,0,0,0,0,0,2
442,342,87,12,33,0,0,0,0,0,0,1
2,164,72,443,87,98,17,17,44,0,0,1
444,3,1,17,13,445,4,0,0,0,0,3
17,17,54,229,6,168,1,96,17,0,0,1
2,150,9,292,249,94,1,0,0,0,0,2
446,382,12,3,1,1,0,0,0,0,0,2
2,447,84,448,449,2,17,17,0,0,0,4
17,130,5,6,451,17,45,0,0,0,0,1
5,5,452,453,6,12,17,17,0,0,0,2
2,330,13,1,3,3,0,0,0,0,0,2
454,12,1,88,12,44,12,5,0,0,0,3
6,5,5,3,12,17,6,0,0,0,0,3
455,180,85,72,17,3,0,0,0,0,0,2
17,172,149,1,456,12,0,0,0,0,0,1
11,439,21,149,457,17,0,0,0,0,0,1
5,3,17,88,125,458,3,17,0,0,0,3
2,17,2,17,17,0,0,0,0,0,0,1
391,17,53,12,1,44,324,12,0,0,0,2
258,2,267,459,1,13,154,335,0,0,0,1
17,1,390,13,139,12,0,0,0,0,0,1
46,165,64,3,13,3,33,0,0,0,0,4
33,33,9,27,1,3,1,0,0,0,0,2
247,3,17,8,12,3,1,0,0,0,0,3
12,17,2,13,165,42,1,0,0,0,0,2
397,12,9,453,13,276,3,0,0,0,0,2
12,34,460,12,96,111,461,17,0,0,0,1
462,152,12,44,218,3,0,0,0,0,0,2
33,2,241,3,17,463,464,0,0,0,0,1
17,87,72,3,1,17,117,15,12,0,0,1
73,12,6,12,3,3,1,0,0,0,0,5
33,2,21,3,1,328,0,0,0,0,0,3
159,143,2,12,64,0,0,0,0,0,0,2
465,33,29,17,12,44,3,0,0,0,0,2
33,337,35,6,267,76,1,0,0,0,0,1
466,467,1,12,431,12,6,0,0,0,0,4
2,17,468,13,1,62,469,17,0,0,0,2
202,166,26,12,183,1,12,1,0,0,0,2
470,203,0,17,471,472,4,17,0,0,0,1
17,34,44,6,6,473,2,1,0,0,0,1
474,3,475,2,45,12,57,0,0,0,0,4
50,5,3,1,476,6,477,0,0,0,0,1
158,82,9,17,478,2,172,3,0,0,0,2
12,6,3,9,12,0,0,0,0,0,0,1
2,1,0,0,0,0,0,0,0,0,0,2
17,17,13,64,363,3,479,0,0,0,0,2
174,3,6,13,17,0,0,0,0,0,0,3
17,2,480,17,290,17,162,163,0,0,0,1
17,88,17,3,57,162,163,0,0,0,0,1
2,270,267,223,17,13,27,1,1,0,0,2
158,44,12,13,3,100,17,0,0,0,0,3
17,53,12,6,6,162,163,0,0,0,0,1
5,5,482,12,6,44,9,483,269,0,0,2
50,5,270,3,12,0,0,0,0,0,0,2
202,283,1,1,12,0,0,0,0,0,0,5
113,1,1,13,335,12,0,0,0,0,0,3
2,3,17,22,484,44,17,0,0,0,0,3
2,76,45,486,57,13,1,0,0,0,0,2
12,12,487,12,68,6,0,0,0,0,0,1
488,33,164,2,267,3,153,3,0,0,0,2
2,3,3,13,436,489,490,1,6,0,0,3
17,72,3,64,12,23,482,21,0,0,0,4
5,110,3,13,3,292,10,12,0,0,0,3
284,29,363,491,211,492,0,0,0,0,0,1
147,17,493,3,13,1,1,0,0,0,0,2
33,65,12,3,17,107,73,12,0,0,0,1
2,3,4,494,17,0,0,0,0,0,0,1
495,33,168,12,12,0,0,0,0,0,0,2
17,34,86,12,17,3,3,0,0,0,0,1
11,3,17,88,33,13,17,223,12,0,0,3
17,3,67,497,12,3,0,0,0,0,0,1
17,171,4,13,59,3,1,0,0,0,0,1
174,3,251,1,13,17,0,0,0,0,0,2
2,17,12,139,13,498,21,0,0,0,0,2
465,33,29,12,44,12,3,12,0,0,0,2
499,88,500,6,98,12,1,3,0,0,0,1
178,3,17,3,3,445,12,0,0,0,0,3
83,264,12,249,12,3,1,0,0,0,0,1
44,4,65,3,501,1,0,0,0,0,0,2
200,3,17,13,1,13,12,0,0,0,0,5
17,502,128,298,1,13,329,3,0,0,0,2
4,54,21,12,165,166,87,503,0,0,0,1
504,235,74,1,9,502,3,6,0,0,0,2
466,12,23,17,326,13,4,0,0,0,0,5
17,21,115,505,13,459,0,0,0,0,0,2
232,391,9,66,506,17,0,0,0,0,0,1
2,268,13,44,6,17,291,0,0,0,0,2
33,2,3,17,42,42,1,0,0,0,0,4
2,17,17,507,269,6,0,0,0,0,0,3
455,2,12,96,1,508,33,0,0,0,0,4
4,53,44,268,44,460,10,0,0,0,0,1
17,509,510,2,12,1,0,0,0,0,0,1
17,21,511,12,1,512,1,0,0,0,0,2
2,17,17,9,17,17,100,17,0,0,0,2
17,2,513,514,17,0,0,0,0,0,0,2
5,235,283,1,12,95,6,3,17,0,0,2
2,295,115,68,6,3,0,0,0,0,0,1
17,12,146,13,17,164,21,6,6,0,0,2
17,164,122,3,13,17,17,12,0,0,0,1
515,171,2,516,3,1,0,0,0,0,0,2
73,3,267,517,13,12,0,0,0,0,0,3
2,17,17,11,1,12,67,518,0,0,0,3
2,6,17,3,3,13,1,519,0,0,0,5
2,44,13,64,9,193,0,0,0,0,0,4
110,2,5,9,3,3,1,1,0,0,0,3
33,33,2,13,3,42,41,13,4,0,0,2
413,457,12,115,217,3,13,17,0,0,0,1
33,33,51,37,332,42,520,3,36,0,0,2
2,261,3,13,165,17,3,6,0,0,0,3
521,2,13,1,3,0,0,0,0,0,0,2
158,5,182,1,162,12,1,0,0,0,0,4
125,522,1,382,3,1,0,0,0,0,0,3
113,6,171,185,1,1,3,17,0,0,0,2
17,53,523,13,524,0,0,0,0,0,0,1
2,6,6,12,23,1,525,526,0,0,0,1
17,17,21,376,3,13,42,6,0,0,0,1
33,164,44,13,3,1,0,0,0,0,0,2
33,33,71,17,17,17,0,0,0,0,0,1
200,115,6,267,3,80,56,0,0,0,0,4
527,235,3,1,1,0,0,0,0,0,0,2
258,4,96,141,1,3,0,0,0,0,0,3
5,531,1,33,149,520,152,0,0,0,0,4
113,6,6,3,64,13,532,335,0,0,0,3
17,17,326,228,80,510,17,0,0,0,0,4
343,496,1,2,12,1,6,0,0,0,0,3
33,13,421,6,6,299,12,0,0,0,0,1
43,534,5,3,42,6,3,0,0,0,0,3
413,457,12,264,267,38,535,12,0,0,0,1
1,33,12,166,164,21,0,0,0,0,0,2
2,17,536,1,0,0,0,0,0,0,0,4
0,17,0,0,0,0,0,0,0,0,0,2
266,33,88,17,361,17,361,72,3,1,1,2
17,37,13,211,1,537,0,0,0,0,0,1
200,152,164,1,3,1,1,0,0,0,0,2
2,4,538,2,244,1,0,0,0,0,0,2
17,17,164,54,13,1,0,0,0,0,0,2
110,5,13,17,115,13,6,0,0,0,0,5
17,26,3,17,539,13,540,3,0,0,0,1
119,4,65,12,166,13,24,3,0,0,0,2
4,12,211,13,12,541,318,1,0,0,0,1
17,17,98,12,5,270,542,12,1,361,0,2
444,458,1,6,6,13,1,1,0,0,0,3
33,17,361,17,361,33,54,13,7,64,0,2
232,33,33,0,0,0,0,0,0,0,0,3
240,89,88,363,42,543,0,0,0,0,0,2
544,509,128,3,42,6,3,361,0,0,0,2
17,264,3,3,251,1,0,0,0,0,0,1
234,6,53,44,9,12,12,0,0,0,0,2
12,5,267,229,17,361,17,361,44,3,0,4
33,33,12,203,3,545,6,0,0,0,0,3
259,17,171,27,546,6,547,0,0,0,0,2
2,12,1,1,6,0,0,0,0,0,0,1
284,337,44,548,69,13,1,0,0,0,0,1
33,3,6,52,549,1,77,0,0,0,0,3
113,7,1,12,3,1,550,0,0,0,0,3
17,335,5,5,203,12,33,0,0,0,0,2
12,37,13,10,157,12,0,0,0,0,0,1
504,13,17,71,216,13,506,241,0,0,0,3
2,80,12,9,551,98,2,0,0,0,0,3
552,3,235,283,553,17,0,0,0,0,0,3
82,5,21,13,17,223,62,12,239,0,0,2
33,33,13,532,335,12,0,0,0,0,0,2
555,267,229,556,199,12,0,0,0,0,0,3
2,12,61,6,557,267,166,0,0,0,0,1
131,17,44,9,17,223,101,12,0,0,0,2
2,472,558,13,12,0,0,0,0,0,0,3
474,17,42,292,1,12,12,12,0,0,0,2
17,358,65,17,3,168,1,0,0,0,0,2
2,1,17,2,12,0,0,0,0,0,0,2
5,5,17,27,466,157,1,0,0,0,0,3
119,26,6,44,15,162,163,0,0,0,0,1
9,559,1,12,3,17,3,0,0,0,0,3
134,13,3,70,17,42,6,6,0,0,0,5
560,561,562,1,3,563,12,0,0,0,0,1
240,96,3,209,42,1,1,564,0,0,0,2
33,33,9,17,12,13,115,12,0,0,0,5
335,389,12,17,94,1,0,0,0,0,0,3
2,363,12,3,44,44,0,0,0,0,0,1
2,1,1,3,141,1,565,0,0,0,0,3
232,96,17,12,52,6,87,566,0,0,0,3
567,1,3,57,3,68,56,0,0,0,0,5
266,33,29,35,1,290,3,0,0,0,0,2
159,1,1,53,61,1,111,52,0,0,0,3
17,370,339,12,163,0,0,0,0,0,0,1
202,296,1,568,69,12,0,0,0,0,0,3
441,33,569,98,13,141,6,0,0,0,0,2
2,44,2,44,13,24,0,0,0,0,0,3
2,570,3,23,6,6,84,0,0,0,0,2
111,337,571,21,21,0,0,0,0,0,0,2
2,4,87,91,13,64,9,17,1,0,0,2
572,13,12,17,2,17,0,0,0,0,0,1
17,573,17,363,12,42,17,0,0,0,0,3
33,33,29,574,575,17,0,0,0,0,0,2
5,12,9,1,13,9,244,17,0,0,0,2
43,476,12,13,163,576,0,0,0,0,0,3
17,53,17,361,17,361,577,386,13,329,1,1
33,13,559,578,0,0,0,0,0,0,0,1
455,59,6,12,12,370,6,44,0,0,0,5
579,283,335,21,21,29,204,6,0,0,0,5
33,2,339,1,324,17,17,0,0,0,0,1
437,9,1,580,42,17,0,0,0,0,0,1
581,1,98,12,243,56,3,57,0,0,0,2
2,141,1,350,12,13,3,6,0,0,0,4
17,361,17,361,45,17,582,159,17,505,0,2
35,1,29,12,101,13,17,0,0,0,0,1
33,33,12,1,1,3,0,0,0,0,0,2
5,93,1,3,9,524,1,0,0,0,0,3
240,82,17,17,586,5,3,467,0,0,0,4
113,3,1,98,3,1,0,0,0,0,0,3
2,164,2,6,6,313,0,0,0,0,0,1
2,1,1,9,1,588,12,0,0,0,0,3
174,265,1,1,589,13,0,0,0,0,0,4
17,172,13,36,1,309,1,0,0,0,0,1
17,172,12,21,9,100,17,0,0,0,0,1
523,33,12,23,1,541,12,419,0,0,0,2
590,1,1,98,472,13,1,0,0,0,0,3
43,5,13,23,6,591,1,0,0,0,0,2
33,33,112,10,1,0,0,0,0,0,0,2
33,172,593,101,12,85,268,12,0,0,0,1
257,76,1,314,594,1,0,0,0,0,0,4
2,23,1,1,1,0,0,0,0,0,0,5
174,1,13,207,9,100,17,0,0,0,0,4
595,1,1,596,1,9,21,21,0,0,0,5
17,2,55,6,13,6,597,12,0,0,0,1
17,115,52,3,5,0,0,0,0,0,0,1
435,20,53,598,17,182,1,9,524,0,0,2
202,166,337,17,3,599,33,0,0,0,0,2
17,17,528,298,6,9,480,12,0,0,0,2
33,44,15,3,600,0,0,0,0,0,0,5
5,2,17,12,13,27,245,0,0,0,0,4
156,5,12,23,3,17,3,0,0,0,0,2
11,3,17,12,267,3,602,9,17,0,0,3
33,603,13,17,13,17,0,0,0,0,0,2
17,53,122,415,3,604,0,0,0,0,0,1
124,26,2,1,1,96,3,0,0,0,0,1
343,33,33,370,13,166,324,12,0,0,0,4
134,12,34,605,1,13,17,0,0,0,0,2
33,17,363,606,298,17,0,0,0,0,0,1
113,4,1,13,263,13,67,0,0,0,0,3
193,607,3,1,1,0,0,0,0,0,0,1
2,562,1,9,522,1,214,1,0,0,0,3
17,12,3,283,1,223,96,17,0,0,0,1
408,270,181,1,609,13,3,21,0,0,0,2
17,164,12,6,533,491,610,0,0,0,0,1
33,2,13,520,6,6,6,0,0,0,0,1
33,431,1,612,12,64,0,0,0,0,0,3
595,1,71,12,72,0,0,0,0,0,0,2
73,5,31,1,2,292,613,0,0,0,0,4
5,552,5,82,89,0,0,0,0,0,0,5
33,191,53,12,3,17,0,0,0,0,0,2
2,17,1,88,12,44,12,3,1,0,0,3
4,164,13,3,6,96,17,0,0,0,0,1
266,33,88,117,12,505,13,68,6,0,0,2
21,12,12,12,0,0,0,0,0,0,0,4
33,61,269,615,6,13,165,17,17,0,0,1
616,33,172,3,0,0,0,0,0,0,0,2
131,5,5,617,1,214,6,13,12,0,0,3
17,45,172,72,7,17,12,0,0,0,0,1
33,12,64,117,3,64,9,165,166,0,0,1
17,337,17,9,6,608,618,0,0,0,0,1
2,17,619,9,6,374,0,0,0,0,0,3
17,17,378,21,9,163,496,163,0,0,0,2
5,620,6,3,17,337,17,0,0,0,0,5
2,22,17,621,13,1,1,0,0,0,0,1
622,167,6,6,6,12,0,0,0,0,0,1
17,98,115,68,52,299,12,0,0,0,0,1
33,287,13,1,370,409,17,0,0,0,0,4
266,2,2,510,623,6,0,0,0,0,0,3
624,33,625,341,3,245,0,0,0,0,0,2
2,3,12,626,12,0,0,0,0,0,0,5
12,171,3,1,0,0,0,0,0,0,0,1
458,29,605,17,214,1,1,0,0,0,0,1
249,145,12,6,3,1,12,1,0,0,0,1
17,12,628,6,6,235,3,141,1,0,0,1
17,2,13,6,629,17,0,0,0,0,0,1
17,26,17,17,621,630,33,51,0,0,0,1
159,12,172,13,7,480,17,0,0,0,0,2
158,110,3,17,12,207,0,0,0,0,0,4
5,5,5,3,298,1,0,0,0,0,0,3
17,26,17,13,1,17,65,631,21,0,0,1
2,17,85,13,42,1,0,0,0,0,0,2
17,2,44,44,44,162,1,0,0,0,0,1
2,22,17,17,13,1,516,0,0,0,0,1
583,12,12,2,390,9,1,0,0,0,0,2
2,1,6,199,6,391,0,0,0,0,0,1
116,5,17,12,3,6,6,77,0,0,0,3
232,33,0,0,0,0,0,0,0,0,0,2
158,5,5,5,13,175,17,0,0,0,0,4
202,520,17,370,13,100,17,0,0,0,0,3
5,633,13,1,1,0,0,0,0,0,0,2
174,17,26,12,6,162,3,163,0,0,0,2
247,17,0,0,0,0,0,0,0,0,0,2
12,300,9,3,139,3,0,0,0,0,0,2
33,634,2,4,0,0,0,0,0,0,0,1
19,3,17,209,166,29,21,12,0,0,0,3
33,2,265,12,21,13,4,0,0,0,0,5
17,65,636,637,46,638,0,0,0,0,0,1
17,86,1,1,1,13,42,163,0,0,0,3
523,33,639,640,3,6,13,1,0,0,0,2
4,17,641,12,2,12,94,0,0,0,0,1
33,128,3,12,1,89,0,0,0,0,0,1
174,3,642,12,13,1,643,0,0,0,0,4
2,98,13,4,13,42,17,12,0,0,0,1
259,33,511,644,106,0,0,0,0,0,0,2
116,270,48,9,1,109,17,0,0,0,0,3
2,1,1,12,249,0,0,0,0,0,0,3
2,17,1,17,31,3,0,0,0,0,0,4
455,2,13,249,382,21,0,0,0,0,0,4
33,33,86,64,1,0,0,0,0,0,0,2
572,33,167,44,239,0,0,0,0,0,0,2
17,145,646,13,176,12,3,0,0,0,0,1
2,264,12,141,6,6,1,0,0,0,0,1
2,6,13,12,214,64,263,0,0,0,0,2
523,33,647,17,12,3,1,0,0,0,0,2
2,17,393,73,110,12,0,0,0,0,0,3
82,5,13,12,13,3,3,0,0,0,0,4
523,33,12,241,13,1,0,0,0,0,0,2
33,648,447,209,27,0,0,0,0,0,0,2
2,2,13,1,463,400,17,0,0,0,0,1
202,166,206,2,100,329,1,0,0,0,0,3
33,649,12,12,244,163,0,0,0,0,0,1
33,373,21,21,214,503,12,0,0,0,0,1
17,3,5,650,6,104,1,0,0,0,0,3
17,17,17,88,6,9,17,0,0,0,0,3
651,71,13,76,13,260,1,0,0,0,0,1
113,12,3,609,503,13,17,124,0,0,0,2
458,37,419,44,45,12,154,6,3,0,0,1
202,3,653,44,13,3,1,12,1,0,0,3
17,203,2,17,17,654,375,0,0,0,0,1
17,65,214,38,17,327,3,0,0,0,0,3
2,655,2,122,36,6,12,17,0,0,0,2
17,17,202,166,605,3,64,0,0,0,0,2
656,3,657,3,22,1,230,658,0,0,0,4
33,33,33,65,13,27,283,64,0,0,0,3
113,20,6,569,6,6,0,0,0,0,0,2
17,660,62,87,661,13,42,522,0,0,0,2
17,33,98,115,52,6,3,516,0,0,0,2
376,662,17,17,1,0,0,0,0,0,0,5
441,33,13,3,57,0,0,0,0,0,0,2
416,33,601,172,185,12,0,0,0,0,0,3
5,5,5,3,1,1,0,0,0,0,0,3
43,17,361,17,361,391,149,506,64,12,0,2
110,5,2,9,17,17,0,0,0,0,0,2
4,65,663,13,265,1,13,1,0,0,0,1
17,17,13,115,530,6,6,0,0,0,0,1
2,2,447,6,9,36,3,0,0,0,0,1
6,187,3,3,154,10,1,0,0,0,0,2
43,82,235,664,13,3,12,0,0,0,0,2
5,496,12,12,3,69,84,44,0,0,0,3
266,33,34,2,124,96,154,1,0,0,0,2
291,171,13,6,115,13,6,0,0,0,0,1
238,114,649,13,17,0,0,0,0,0,0,3
147,21,12,6,267,166,245,0,0,0,0,4
4,33,337,12,3,665,154,17,17,0,0,2
436,98,9,17,1,666,667,1,0,0,0,1
35,111,47,13,668,6,6,0,0,0,0,3
2,265,1,2,13,17,0,0,0,0,0,4
257,6,17,27,1,13,269,0,0,0,0,3
5,298,17,182,165,66,0,0,0,0,0,4
30,88,284,9,1,1,17,0,0,0,0,1
12,172,61,1,12,172,21,12,0,0,0,1
17,172,12,3,13,1,6,0,0,0,0,1
234,3,13,1,9,1,1,0,0,0,0,2
266,29,12,522,1,0,0,0,0,0,0,1
4,669,608,13,12,12,149,260,0,0,0,1
33,13,4,97,1,3,0,0,0,0,0,1
33,13,83,9,3,1,209,166,0,0,0,1
17,87,12,299,17,17,17,0,0,0,0,1
2,3,2,115,235,1,214,524,0,0,0,5
186,5,17,670,13,122,1,0,0,0,0,2
35,42,17,12,182,17,1,0,0,0,0,3
17,21,110,12,672,5,47,0,0,0,0,2
2,72,171,13,12,1,13,38,1,0,0,3
12,13,165,166,6,3,13,674,0,0,0,4
2,1,13,524,12,53,17,0,0,0,0,2
35,41,2,1,3,3,115,13,3,0,0,2
259,12,21,33,2,3,265,0,0,0,0,1
5,391,3,3,64,1,0,0,0,0,0,2
444,143,164,3,17,265,1,0,0,0,0,2
240,13,3,286,3,13,163,0,0,0,0,5
2,6,12,12,6,69,164,465,0,0,0,4
234,116,650,9,12,17,677,6,0,0,0,3
651,678,12,12,12,154,1,0,0,0,0,2
17,171,17,3,265,638,0,0,0,0,0,4
17,264,44,115,13,679,0,0,0,0,0,1
33,202,166,527,6,13,154,680,0,0,0,1
523,33,98,12,522,1,0,0,0,0,0,2
43,5,17,17,21,682,683,6,0,0,0,2
2,3,17,0,0,0,0,0,0,0,0,2
174,38,42,17,684,143,12,0,0,0,0,4
2,23,6,3,17,214,64,545,1,0,0,5
11,12,42,193,87,2,3,6,0,0,0,4
33,33,71,685,12,0,17,0,0,0,0,2
455,128,21,13,3,1,13,1,0,0,0,1
33,13,335,5,0,0,0,0,0,0,0,3
17,87,686,480,17,13,3,1,0,0,0,1
35,6,3,330,3,17,17,0,0,0,0,4
4,53,117,44,267,265,687,0,0,0,0,1
33,191,172,12,175,17,689,0,0,0,0,2
5,9,690,12,31,467,329,12,0,0,0,3
523,33,172,12,3,42,52,6,12,0,0,2
113,111,2,12,691,692,0,0,0,0,0,2
33,2,13,154,506,1,17,361,17,361,133,1
158,5,26,232,96,1,13,258,0,0,0,2
259,191,12,1,3,1,0,0,0,0,0,4
4,694,13,17,312,13,695,64,0,0,0,2
266,29,185,229,1,0,0,0,0,0,0,1
403,283,6,6,111,0,0,0,0,0,0,5
17,26,17,13,176,23,83,3,0,0,0,1
17,172,12,17,533,21,0,0,0,0,0,1
0,17,17,1,126,17,93,0,0,0,0,2
5,172,44,12,1,0,0,0,0,0,0,3
174,458,13,38,1,12,12,6,6,0,0,5
12,374,554,1,49,42,17,0,0,0,0,1
202,166,37,665,154,17,17,0,0,0,0,3
12,171,27,3,697,3,0,0,0,0,0,2
55,6,267,3,166,0,0,0,0,0,0,5
581,17,391,5,512,345,9,68,0,0,0,2
2,382,12,175,163,12,0,0,0,0,0,2
403,67,71,354,698,21,0,0,0,0,0,2
33,33,361,3,1,1,0,0,0,0,0,2
33,33,65,117,3,13,154,1,0,0,0,2
699,690,3,2,653,1,0,0,0,0,0,3
2,3,17,9,42,244,17,17,0,0,0,3
33,17,6,308,6,0,0,0,0,0,0,1
33,264,13,59,17,329,700,13,72,0,0,1
17,17,378,3,163,13,251,241,0,0,0,2
17,88,33,9,163,95,17,17,0,0,0,1
2,44,328,13,17,3,1,0,0,0,0,1
17,171,12,701,335,149,3,17,0,0,0,1
2,1,611,13,1,1,0,0,0,0,0,3
174,1,1,3,476,12,0,0,0,0,0,3
595,183,3,1,1,703,21,2,0,0,0,5
704,4,705,6,0,0,0,0,0,0,0,1
2,1,1,619,0,0,0,0,0,0,0,1
17,12,64,13,244,17,17,0,0,0,0,1
17,17,605,17,17,44,44,0,0,0,0,2
504,13,27,12,3,3,400,6,0,0,0,5
12,439,21,133,6,13,17,0,0,0,0,1
33,9,3,143,17,12,0,0,0,0,0,1
707,33,12,12,12,702,0,0,0,0,0,2
127,33,172,31,3,708,0,0,0,0,0,3
33,12,569,279,33,0,0,0,0,0,0,1
2,4,12,1,2,13,44,0,0,0,0,2
343,33,26,2,265,6,88,33,0,0,0,2
2,2,709,13,143,0,0,0,0,0,0,1
156,5,5,31,17,710,711,1,0,0,0,3
2,3,13,712,1,275,165,320,0,0,0,5
17,164,61,3,1,12,0,0,0,0,0,1
33,33,12,87,713,247,418,1,0,0,0,2
174,23,512,169,33,49,17,17,0,0,0,4
239,13,3,83,650,3,1,0,0,0,0,1
12,1,88,44,3,17,9,17,0,0,0,2
147,12,12,646,3,1,0,0,0,0,0,2
33,185,1,3,45,61,166,0,0,0,0,1
17,164,714,244,17,17,2,65,2,0,0,1
715,5,172,3,64,275,154,17,17,0,0,2
12,37,12,17,391,13,7,1,0,0,0,1
17,37,13,1,3,265,3,64,0,0,0,1
716,13,27,475,53,12,480,17,0,0,0,4
33,172,717,25,1,12,3,3,0,0,0,1
19,235,249,718,6,13,1,0,0,0,0,2
268,719,9,296,1,12,0,0,0,0,0,1
19,5,5,275,154,17,17,0,0,0,0,3
379,3,6,84,3,141,1,0,0,0,0,2
475,172,12,160,68,44,44,3,467,0,0,1
11,12,88,6,13,292,4,0,0,0,0,2
43,5,5,138,1,4,13,17,0,0,0,3
127,13,1,1,1,721,0,0,0,0,0,4
55,6,6,26,33,13,193,0,0,0,0,3
2,12,9,1,214,153,17,0,0,0,0,2
5,2,170,1,3,13,76,0,0,0,0,1
567,602,1,3,3,1,0,0,0,0,0,3
35,722,6,34,514,42,17,0,0,0,0,3
0,17,17,26,27,1,1,0,0,0,0,3
39,723,724,86,1,3,1,725,0,0,0,2
156,5,171,21,13,154,17,17,0,0,0,2
0,17,164,9,1,96,17,0,0,0,0,2
238,4,31,13,1,107,13,1,0,0,0,2
35,17,496,17,12,0,0,0,0,0,0,5
2,17,727,728,9,44,0,0,0,0,0,4
158,5,12,235,1,206,0,0,0,0,0,3
2,12,17,65,2,12,729,0,0,0,0,3
5,730,49,1,1,13,731,0,0,0,0,2
2,732,154,6,3,0,0,0,0,0,0,2
4,65,115,6,3,6,0,0,0,0,0,1
97,12,3,162,524,12,0,0,0,0,0,2
2,167,12,6,6,69,0,0,0,0,0,1
43,2,438,6,12,69,3,1,0,0,0,3
435,157,1,53,168,223,0,0,0,0,0,3
474,17,17,68,6,219,6,52,0,0,0,3
5,12,9,6,13,84,115,268,0,0,0,2
170,563,0,0,0,0,0,0,0,0,0,2
335,607,86,1,209,417,1,0,0,0,0,1
170,1,34,1,12,2,172,0,0,0,0,2
202,3,1,1,6,44,0,0,0,0,0,5
5,5,110,181,17,17,0,0,0,0,0,3
371,1,2,13,445,12,0,0,0,0,0,3
33,287,115,12,6,13,1,13,6,0,0,2
257,5,87,597,267,166,138,1,0,0,0,2
33,22,6,6,84,0,0,0,0,0,0,1
12,6,13,3,84,6,0,0,0,0,0,2
39,141,1,86,1,12,0,0,0,0,0,3
2,215,12,734,13,1,0,0,0,0,0,1
12,12,1,53,666,23,193,0,0,0,0,1
171,17,13,1,0,0,0,0,0,0,0,1
147,21,12,719,13,296,1,12,0,0,0,4
432,6,29,33,33,219,602,67,0,0,0,1
441,65,2,6,736,81,6,0,0,0,0,1
488,33,44,13,146,1,299,12,0,0,0,2
2,3,152,184,37,737,13,1,0,0,0,3
234,738,267,3,1,89,0,0,0,0,0,3
266,33,65,3,3,13,562,1,0,0,0,2
523,96,1,12,1,2,3,0,0,0,0,3
247,1,325,13,3,0,0,0,0,0,0,2
33,202,76,1,184,37,13,1,0,0,0,1
17,17,17,6,17,3,0,0,0,0,0,4
5,738,531,3,17,3,3,1,0,0,0,2
739,164,254,1,13,3,166,0,0,0,0,1
2,146,13,165,166,13,6,96,143,0,0,5
499,741,181,329,265,3,1,1,0,0,0,3
266,13,12,98,185,10,0,0,0,0,0,3
17,88,17,13,7,21,0,0,0,0,0,1
35,12,171,6,0,36,0,0,0,0,0,2
465,742,1,44,44,0,0,0,0,0,0,1
2,3,2,6,87,12,447,17,0,0,0,2
2,6,13,506,64,13,17,0,0,0,0,5
33,12,158,389,3,411,1,0,0,0,0,3
17,29,363,17,17,37,5,0,0,0,0,1
33,306,13,1,1,0,0,0,0,0,0,2
68,3,1,13,176,3,1,1,0,0,0,2
5,5,5,13,6,12,12,0,0,0,0,5
523,33,171,743,17,335,330,44,0,0,0,2
33,29,12,532,4,3,0,0,0,0,0,1
17,273,193,512,44,268,0,0,0,0,0,3
33,96,524,5,106,5,0,0,0,0,0,1
35,744,745,182,3,602,0,0,0,0,0,4
17,746,13,1,4,612,83,0,0,0,0,2
747,12,164,254,410,12,3,64,0,0,0,2
82,29,13,457,1,9,33,0,0,0,0,1
2,98,115,472,1,0,0,0,0,0,0,1
4,685,229,44,3,13,748,1,0,0,0,1
2,165,166,206,9,223,3,0,0,0,0,4
19,3,559,4,1,12,0,0,0,0,0,2
33,33,87,6,12,13,193,0,0,0,0,2
33,370,298,1,749,1,0,0,0,0,0,1
17,98,318,414,96,183,1,0,0,0,0,1
527,33,33,44,219,6,0,0,0,0,0,3
12,6,510,287,339,750,751,0,0,0,0,1
186,5,164,3,6,3,4,0,0,0,0,2
6,5,162,3,36,6,0,0,0,0,0,3
474,17,87,2,51,21,3,0,0,0,0,2
2,38,12,88,6,6,12,0,0,0,0,3
73,92,2,9,6,0,0,0,0,0,0,3
247,193,72,13,1,3,0,0,0,0,0,2
12,17,88,12,0,0,0,0,0,0,0,2
2,1,478,1,4,0,0,0,0,0,0,2
2,59,1,1,0,0,0,0,0,0,0,4
2,2,273,665,1,0,0,0,0,0,0,1
2,12,555,3,9,1,0,0,0,0,0,2
17,164,44,3,3,752,0,0,0,0,0,1
174,6,597,3,3,0,0,0,0,0,0,5
247,42,3,524,12,0,0,0,0,0,0,5
17,12,167,3,12,6,753,0,0,0,0,2
581,4,0,0,0,0,0,0,0,0,0,2
266,2,17,149,536,690,3,0,0,0,0,1
474,17,87,2,51,21,3,0,0,0,0,2
2,12,21,274,337,55,1,0,0,0,0,1
147,21,6,9,64,209,166,17,0,0,0,2
5,5,172,1,0,0,0,0,0,0,0,2
33,33,2,64,0,0,0,0,0,0,0,2
17,754,3,21,3,1,0,0,0,0,0,3
2,64,1,129,6,87,155,0,0,0,0,3
33,47,37,12,120,13,1,0,0,0,0,2
131,267,42,4,17,12,3,0,0,0,0,5
2,3,1,29,17,13,292,21,0,0,0,3
2,12,17,12,82,82,47,601,0,0,0,4
33,259,2,1,0,0,0,0,0,0,0,2
351,292,522,1,22,31,1,0,0,0,0,4
2,3,3,74,1,161,328,61,0,0,0,2
2,57,6,6,757,111,0,0,0,0,0,1
466,3,1,12,64,13,1,0,0,0,0,3
2,292,335,6,490,601,317,218,0,0,0,3
2,6,151,34,21,0,0,0,0,0,0,3
435,38,1,12,3,627,758,0,0,0,0,1
30,54,0,0,0,0,0,0,0,0,0,1
17,2,3,74,759,1,9,12,0,0,0,1
50,13,4,12,165,42,12,0,0,0,0,3
247,1,760,202,6,3,12,0,0,0,0,2
761,3,268,17,3,12,0,0,0,0,0,3
4,762,44,199,219,535,3,0,0,0,0,1
17,203,363,36,1,763,17,0,0,0,0,1
764,87,507,12,13,3,1,13,522,0,0,1
17,264,6,52,12,765,12,1,0,0,0,1
247,1,648,12,351,42,3,0,0,0,0,2
35,12,452,1,5,5,766,5,0,0,0,4
17,13,1,4,612,83,3,0,0,0,0,1
343,33,5,9,1,768,96,17,0,0,0,2
2,59,10,1,0,0,0,0,0,0,0,4
33,13,44,17,13,45,12,0,0,0,0,5
33,33,769,6,770,0,0,0,0,0,0,2
17,145,44,12,771,1,164,238,0,0,0,1
5,71,33,3,13,42,1,160,0,0,0,1
11,1,161,17,772,621,2,44,0,0,0,3
651,172,149,1,268,173,223,0,0,0,0,1
202,3,13,76,339,12,165,166,0,0,0,2
2,261,3,3,13,6,12,0,0,0,0,4
2,6,6,13,57,1,0,0,0,0,0,3
17,37,13,17,2,17,17,0,0,0,0,1
46,115,775,524,0,0,0,0,0,0,0,1
35,776,3,1,496,0,0,0,0,0,0,2
5,5,3,777,267,166,0,0,0,0,0,4
202,42,74,76,13,4,0,0,0,0,0,2
12,411,9,6,6,209,166,0,0,0,0,5
4,65,30,54,61,260,223,0,0,0,0,1
11,1,161,772,9,3,207,3,0,0,0,4
33,382,146,13,163,6,779,0,0,0,0,1
2,1,21,247,1,0,0,0,0,0,0,2
46,6,138,1,13,0,0,0,0,0,0,5
2,13,12,649,780,12,3,653,1,0,0,3
5,781,641,117,3,12,0,0,0,0,0,3
511,9,64,104,66,288,17,0,0,0,0,4
2,1,564,13,3,3,1,1,0,0,0,3
17,783,33,0,0,0,0,0,0,0,0,1
33,33,65,162,3,3,1,0,0,0,0,2
11,506,17,37,21,21,3,0,0,0,0,3
124,37,61,6,84,181,1,0,0,0,0,1
2,17,42,3,49,329,154,193,0,0,0,5
17,53,21,11,260,67,0,0,0,0,0,1
202,23,225,9,12,17,0,0,0,0,0,5
441,2,13,27,6,77,0,0,0,0,0,1
33,12,784,13,532,1,17,239,0,0,0,3
268,13,1,1,411,9,165,166,0,0,0,5
4,37,33,44,44,3,0,0,0,0,0,1
11,3,1,161,88,207,3,152,0,0,0,4
2,3,3,17,13,154,4,13,4,0,0,1
2,88,9,17,290,12,1,0,0,0,0,1
2,6,111,2,122,4,0,0,0,0,0,3
499,65,785,3,64,2,172,786,6,0,0,1
17,2,29,3,17,17,0,0,0,0,0,2
17,12,3,225,321,0,0,0,0,0,0,1
17,12,108,17,152,0,0,0,0,0,0,1
787,21,122,165,17,73,92,5,0,0,0,2
82,110,309,1,2,789,6,0,0,0,0,2
552,5,87,44,15,235,12,0,0,0,0,2
134,3,105,172,3,64,3,0,0,0,0,1
12,2,12,3,3,655,17,44,0,0,0,1
5,116,13,12,12,3,17,17,0,0,0,2
790,111,6,84,0,0,0,0,0,0,0,2
360,12,791,13,1,792,0,0,0,0,0,2
51,33,0,0,0,0,0,0,0,0,0,2
5,2,170,225,96,12,0,0,0,0,0,1
17,6,2,13,69,6,3,17,0,0,0,1
75,17,370,13,193,44,0,0,0,0,0,2
343,33,370,267,243,12,0,0,0,0,0,2
33,71,21,588,600,0,0,0,0,0,0,1
33,88,3,44,9,1,44,0,0,0,0,1
2,1,98,17,267,1,793,1,0,0,0,2
794,2,65,612,12,135,12,166,0,0,0,2
113,6,12,1,1,0,0,0,0,0,0,2
523,12,53,44,3,3,0,0,0,0,0,2
523,12,53,44,3,3,0,0,0,0,0,2
33,33,29,2,3,424,6,0,0,0,0,2
17,605,3,179,12,0,0,0,0,0,0,1
11,12,17,37,245,198,61,166,0,0,0,3
2,3,3,3,6,3,0,0,0,0,0,3
232,33,33,795,198,228,6,0,0,0,0,3
12,13,1,13,3,6,298,17,0,0,0,3
796,17,98,61,23,4,1,0,0,0,0,2
247,1,797,2,13,798,1,0,0,0,0,2
17,62,799,49,800,9,1,1,0,0,0,1
17,21,21,26,33,13,1,0,0,0,0,4
651,627,801,13,802,0,0,0,0,0,0,5
17,12,1,0,0,0,0,0,0,0,0,2
17,145,3,175,4,0,0,0,0,0,0,1
17,193,9,154,6,6,52,0,0,0,0,2
5,2,5,13,3,17,0,0,0,0,0,3
159,1,12,193,44,44,325,0,0,0,0,4
202,166,22,3,1,803,716,3,0,0,0,2
17,202,166,65,804,3,0,0,0,0,0,3
2,17,98,12,150,0,0,0,0,0,0,2
5,5,12,1,98,805,0,0,0,0,0,4
202,166,203,202,1,3,0,0,0,0,0,2
33,22,430,1,411,45,13,165,166,0,0,1
2,3,6,6,45,12,0,0,0,0,0,4
2,53,9,198,3,68,351,0,0,0,0,1
33,33,89,370,3,13,0,0,0,0,0,3
17,164,807,808,1,6,0,0,0,0,0,1
6,809,189,6,6,17,17,0,0,0,0,3
2,98,61,6,3,1,9,17,0,0,0,1
72,33,3,65,11,166,0,0,0,0,0,3
2,164,12,166,12,810,0,0,0,0,0,1
446,2,61,3,153,605,68,0,0,0,0,2
33,65,3,12,235,341,811,0,0,0,0,1
113,1,325,13,27,3,41,17,1,0,0,2
284,33,33,29,3,12,0,0,0,0,0,3
2,21,13,24,1,812,225,0,0,0,0,2
46,17,478,21,0,0,0,0,0,0,0,4
2,12,1,149,141,153,0,0,0,0,0,1
17,17,465,13,1,12,0,0,0,0,0,1
39,3,1,143,13,42,36,0,0,0,0,4
4,44,44,359,13,4,0,0,0,0,0,1
4,785,3,23,59,723,1,0,0,0,0,1
2,3,17,3,1,814,1,0,0,0,0,5
266,37,13,1,0,0,0,0,0,0,0,1
17,65,44,44,9,3,815,0,0,0,0,1
33,17,44,816,1,9,42,17,0,0,0,2
5,3,1,13,6,6,13,177,0,0,0,3
257,116,13,3,17,1,3,0,0,0,0,2
2,64,1,61,166,12,3,13,4,0,0,3
2,172,3,160,817,3,0,0,0,0,0,1
33,337,3,6,6,0,0,0,0,0,0,1
2,17,171,12,12,1,0,0,0,0,0,2
3,87,273,3,9,329,165,166,0,0,0,1
2,1,334,33,818,110,0,0,0,0,0,2
2,1,9,1,3,0,0,0,0,0,0,2
569,9,1,1,223,0,0,0,0,0,0,5
2,12,71,17,3,13,42,21,1,0,0,2
33,43,374,1,1,0,0,0,0,0,0,1
5,12,214,42,3,755,17,10,0,0,0,3
4,145,3,42,367,12,0,0,0,0,0,1
567,1,820,171,821,17,200,68,0,0,0,3
12,17,17,2,13,417,2,330,137,0,0,3
2,141,1,1,217,267,3,12,0,0,0,4
82,5,185,44,385,12,617,1,0,0,0,4
384,26,72,535,9,3,17,0,0,0,0,1
33,2,12,1,44,12,1,0,0,0,0,1
2,193,370,44,3,141,1,0,0,0,0,2
33,33,2,2,137,268,0,0,0,0,0,3
33,12,98,12,163,9,21,17,0,0,0,2
2,265,1,9,6,13,3,12,0,0,0,4
113,458,12,184,37,12,4,0,0,0,0,3
33,33,172,13,3,1,1,0,0,0,0,2
33,2,13,111,13,154,4,0,0,0,0,1
17,71,6,6,13,17,0,0,0,0,0,1
186,823,17,57,13,1,1,1,0,0,0,2
2,23,123,12,214,64,0,0,0,0,0,4
17,98,96,824,1,9,17,3,0,0,0,1
488,33,12,165,70,1,0,0,0,0,0,2
17,2,17,59,74,76,3,0,0,0,0,1
17,17,13,3,23,68,3,0,0,0,0,2
17,4,128,3,1,4,2,825,0,0,0,2
127,33,33,12,10,3,0,0,0,0,0,3
2,1,9,517,1,828,0,0,0,0,0,5
240,13,17,3,139,13,475,0,0,0,0,5
521,13,6,69,3,12,0,0,0,0,0,3
17,42,1,1,12,0,0,0,0,0,0,5
2,42,3,165,36,1,0,0,0,0,0,3
35,6,17,830,1,13,0,0,0,0,0,2
2,506,143,3,42,62,799,3,0,0,0,1
426,115,3,73,3,608,258,831,0,0,0,3
832,833,12,115,1,2,0,0,0,0,0,2
33,33,2,62,12,12,6,6,0,0,0,2
158,5,17,834,33,650,0,0,0,0,0,2
4,88,500,6,12,6,72,835,6,0,0,1
2,3,3,62,12,162,76,0,0,0,0,3
836,17,223,12,80,6,6,13,163,0,0,3
50,13,475,137,3,13,139,0,0,0,0,3
202,166,65,837,3,161,0,0,0,0,0,2
158,3,1,12,228,111,111,0,0,0,0,3
257,17,17,2,13,64,1,0,0,0,0,3
838,193,1,13,12,229,351,0,0,0,0,3
2,3,12,6,149,166,0,0,0,0,0,1
12,53,15,171,839,118,12,0,0,0,0,1
17,840,13,1,1,0,0,0,0,0,0,1
17,273,17,17,223,122,6,0,0,0,0,1
17,172,12,841,7,163,0,0,0,0,0,1
4,53,273,776,374,12,369,0,0,0,0,1
35,842,843,26,122,269,17,0,0,0,0,3
266,33,22,27,845,3,17,0,0,0,0,2
19,3,673,164,6,0,0,0,0,0,0,3
474,3,453,53,417,21,0,0,0,0,0,3
12,3,17,846,264,17,44,0,0,0,0,1
202,166,22,240,2,6,3,96,143,0,0,2
2,1,13,139,3,26,232,0,0,0,0,5
174,146,12,7,6,12,0,0,0,0,0,2
17,88,21,21,235,602,1,0,0,0,0,1
2,42,17,264,13,283,3,329,17,0,0,3
2,265,3,3,36,65,12,506,76,0,0,1
371,36,98,185,3,0,0,0,0,0,0,2
19,5,3,67,13,458,0,0,0,0,0,2
5,5,3,1,850,12,0,0,0,0,0,4
2,166,512,508,6,0,0,0,0,0,0,2
17,117,15,13,57,851,0,0,0,0,0,1
2,12,3,1,67,13,1,0,0,0,0,2
2,65,12,852,6,12,0,0,0,0,0,1
159,1,53,66,243,115,251,0,0,0,0,2
90,17,854,17,6,566,17,0,0,0,0,4
17,172,855,747,856,214,154,1,0,0,0,1
17,164,86,17,12,1,0,0,0,0,0,1
857,33,858,1,87,1,0,0,0,0,0,4
125,3,3,438,3,1,67,17,0,0,0,3
158,5,3,1,12,13,0,0,0,0,0,2
17,17,26,61,859,12,520,1,1,0,0,2
266,33,71,17,3,1,13,17,223,0,0,2
2,12,370,235,506,1,1,0,0,0,0,2
17,1,8,42,269,6,13,70,223,0,0,2
860,68,17,13,1,13,139,0,0,0,0,2
5,620,2,1,0,0,0,0,0,0,0,2
0,64,53,861,6,84,0,0,0,0,0,2
158,115,12,21,0,0,0,0,0,0,0,1
371,241,1,414,757,6,0,0,0,0,0,3
862,12,3,367,486,52,0,0,0,0,0,1
33,53,12,1,122,42,1,0,0,0,0,1
5,5,104,1,13,152,0,0,0,0,0,2
2,438,1,13,1,6,863,3,0,0,0,5
403,17,0,0,0,0,0,0,0,0,0,2
2,382,5,185,1,9,3,41,0,0,0,2
186,5,116,9,1,12,0,0,0,0,0,3
17,199,778,535,0,0,0,0,0,0,0,1
504,3,1,13,17,223,12,0,0,0,0,3
19,116,3,559,4,9,17,0,0,0,0,3
2,1,17,12,139,0,0,0,0,0,0,2
2,17,9,12,12,0,0,0,0,0,0,2
4,53,72,12,21,13,1,12,0,0,0,1
259,71,17,3,3,7,12,101,0,0,0,1
33,378,17,865,1,0,0,0,0,0,0,1
2,866,241,53,21,3,0,0,0,0,0,3
0,131,611,13,12,6,17,17,0,0,0,3
33,98,3,225,1,13,1,0,0,0,0,1
2,404,65,867,268,93,1,0,0,0,0,2
2,223,17,26,359,319,0,0,0,0,0,3
259,17,53,12,868,223,0,0,0,0,0,2
33,12,1,66,1,870,1,0,0,0,0,1
12,3,871,3,42,1,0,0,0,0,0,3
5,872,96,458,54,44,13,664,0,0,0,4
873,191,17,122,1,12,6,0,0,0,0,2
17,37,666,1,3,337,874,0,0,0,0,1
5,730,3,4,9,3,0,0,0,0,0,2
33,33,88,202,1,0,0,0,0,0,0,2
11,17,1,88,17,3,74,685,0,0,0,3
232,37,2,291,1,96,1,0,0,0,0,1
33,697,2,714,329,1,0,0,0,0,0,1
131,93,1,13,17,0,0,0,0,0,0,3
234,116,648,348,13,17,17,0,0,0,0,2
5,778,154,506,1,809,1,545,12,0,0,2
17,822,4,627,45,822,17,0,0,0,0,1
2,1,1,9,3,17,1,0,0,0,0,3
2,1,138,573,142,1,0,0,0,0,0,2
17,9,17,12,3,42,3,0,0,0,0,1
17,12,184,634,878,12,0,0,0,0,0,2
33,33,43,781,13,3,1,0,0,0,0,2
202,166,12,2,13,165,1,1,77,0,0,3
441,33,96,17,31,872,0,0,0,0,0,4
268,719,710,1,17,879,555,3,0,0,0,1
0,436,2,880,535,96,17,0,0,0,0,2
33,378,6,111,115,345,0,0,0,0,0,1
12,4,17,12,0,0,0,0,0,0,0,2
17,2,44,17,17,0,0,0,0,0,0,2
4,370,21,881,34,882,0,0,0,0,0,1
33,2,350,6,883,351,0,0,0,0,0,1
2,4,171,0,0,0,0,0,0,0,0,2
446,884,65,21,72,21,3,0,0,0,0,1
2,885,33,245,702,886,141,108,12,0,0,1
174,445,4,17,64,236,111,0,0,0,0,3
17,579,17,37,13,12,0,0,0,0,0,3
156,12,2,13,175,62,12,12,0,0,0,2
33,33,390,12,520,3,36,0,0,0,0,2
17,13,68,0,0,0,0,0,0,0,0,1
371,3,67,545,491,0,0,0,0,0,0,5
12,374,1,496,64,411,3,0,0,0,0,1
5,5,44,518,44,218,3,0,0,0,0,3
343,33,5,93,245,1,0,0,0,0,0,2
266,65,12,4,350,13,329,68,0,0,0,2
2,378,12,6,6,3,0,0,0,0,0,1
33,33,3,44,268,12,0,0,0,0,0,2
4,17,30,268,12,0,0,0,0,0,0,1
147,21,719,6,710,3,17,0,0,0,0,2
2,3,1,612,888,12,62,177,889,0,0,1
72,834,33,12,17,154,0,0,0,0,0,4
2,1,65,44,12,123,0,0,0,0,0,2
19,3,209,42,17,890,0,0,0,0,0,3
2,1,1,3,3,67,0,0,0,0,0,3
2,172,149,414,891,42,1,17,0,0,0,1
5,96,42,3,64,855,3,36,0,0,0,2
33,98,6,6,9,42,520,1,1,0,0,1
12,164,122,777,13,17,17,0,0,0,0,1
17,172,892,1,299,0,0,0,0,0,0,1
4,54,62,177,612,163,2,0,0,0,0,1
877,33,373,137,77,12,17,0,0,0,0,2
869,5,82,88,2,1,1,0,0,0,0,3
17,234,5,13,68,6,0,0,0,0,0,1
6,328,13,520,3,3,36,0,0,0,0,3
437,34,61,6,13,1,524,12,0,0,0,1
0,12,13,6,9,1,1,0,0,0,0,2
202,166,65,837,3,13,57,1,0,0,0,2
2,655,62,12,13,17,62,512,4,0,0,2
893,1,13,265,329,3,394,1,0,0,0,2
2,1,894,224,249,53,230,0,0,0,0,5
5,22,2,655,637,12,4,0,0,0,0,1
256,335,17,895,488,33,896,204,0,0,0,4
17,61,517,1,2,21,21,0,0,0,0,1
270,5,171,54,897,0,0,0,0,0,0,5
2,12,868,17,648,6,13,1,0,0,0,1
659,5,13,12,71,13,898,0,0,0,0,2
2,3,38,225,12,3,76,0,0,0,0,1
511,3,1,67,9,747,267,166,0,0,0,4
819,5,29,666,1,899,44,0,0,0,0,2
0,1,17,3,1,0,0,0,0,0,0,5
2,17,12,266,235,585,3,0,0,0,0,2
274,5,13,7,165,166,245,0,0,0,0,2
33,900,171,12,12,249,0,0,0,0,0,3
17,29,13,59,12,13,12,0,0,0,0,1
17,2,13,3,64,12,165,166,0,0,0,1
474,72,218,245,3,0,0,0,0,0,0,2
125,1,648,12,13,23,6,0,0,0,0,3
21,17,29,806,21,3,0,0,0,0,0,2
33,33,164,91,550,0,0,0,0,0,0,2
444,59,245,12,0,0,0,0,0,0,0,4
17,34,12,457,1,9,3,1,0,0,0,1
147,1,1,12,143,98,2,40,0,0,0,3
2,150,9,2,17,901,0,0,0,0,0,2
156,162,38,10,13,1,0,0,0,0,0,4
17,88,12,3,520,3,3,36,0,0,0,1
462,229,43,5,5,3,0,0,0,0,0,2
204,17,33,13,335,601,0,0,0,0,0,1
2,7,1,9,902,0,0,0,0,0,0,3
2,4,13,17,17,371,1,0,0,0,0,4
17,3,4,8,6,115,44,12,0,0,0,1
33,33,12,459,476,12,0,0,0,0,0,2
2,4,431,21,21,13,225,0,0,0,0,2
2,505,167,21,21,0,0,0,0,0,0,2
2,2,528,903,3,1,3,0,0,0,0,2
202,166,17,37,33,33,763,163,0,0,0,2
12,172,61,17,17,904,17,291,0,0,0,1
352,227,184,172,1,21,9,1,0,0,0,2
33,33,5,110,374,3,17,0,0,0,0,2
12,100,64,363,1,361,0,0,0,0,0,3
5,5,9,17,223,101,12,0,0,0,0,2
186,5,270,3,3,1,0,0,0,0,0,4
17,26,247,17,411,330,0,0,0,0,0,1
408,5,12,905,111,72,245,0,0,0,0,5
2,42,1,184,634,6,84,0,0,0,0,1
234,267,36,3,906,0,0,0,0,0,0,5
4,98,12,6,214,12,1,0,0,0,0,1
2,506,183,1,236,265,21,0,0,0,0,4
12,2,490,163,13,866,163,0,0,0,0,1
17,6,400,6,608,21,13,12,0,0,0,1
822,5,5,390,254,6,822,6,0,0,0,4
2,1,13,459,1,0,0,0,0,0,0,2
17,172,44,3,1,1,13,249,0,0,0,1
35,38,225,12,66,6,0,0,0,0,0,4
17,1,96,12,167,400,17,0,0,0,0,4
84,135,1,1,12,165,166,0,0,0,0,3
0,5,3,13,70,1,0,0,0,0,0,3
17,37,6,115,52,44,12,0,0,0,0,1
441,33,264,907,12,3,67,0,0,0,0,2
270,270,5,17,3,89,13,6,0,0,0,3
5,479,908,6,12,2,0,0,0,0,0,3
4,164,12,67,1,17,0,0,0,0,0,1
17,2,9,17,13,3,17,0,0,0,0,1
2,176,457,6,911,6,648,0,0,0,0,2
174,141,1,9,3,1,1,0,0,0,0,3
17,67,128,21,912,3,13,111,0,0,0,2
12,98,13,524,451,17,0,0,0,0,0,1
266,33,17,254,165,166,44,44,0,0,0,2
0,1,913,13,10,1,3,0,0,0,0,2
258,37,13,17,655,0,0,0,0,0,0,1
2,914,3,3,17,0,0,0,0,0,0,5
915,709,21,5,916,0,0,0,0,0,0,1
5,13,6,6,3,0,0,0,0,0,0,5
284,88,12,44,2,110,12,0,0,0,0,1
5,13,6,6,9,17,0,0,0,0,0,2
2,6,9,917,0,0,0,0,0,0,0,2
17,17,12,164,21,102,3,163,0,0,0,3
17,2,44,115,13,17,12,0,0,0,0,2
35,260,2,12,12,6,9,42,647,0,0,2
55,1,1,0,0,0,0,0,0,0,0,3
33,33,12,24,0,0,0,0,0,0,0,2
266,33,13,193,0,0,0,0,0,0,0,2
17,3,1,31,472,0,0,0,0,0,0,5
92,37,1,627,71,480,12,0,0,0,0,1
17,44,96,1,13,17,268,0,0,0,0,1
379,1,1,337,21,3,64,0,0,0,0,3
2,6,13,143,1,9,3,12,0,0,0,5
523,496,74,1,641,21,21,0,0,0,0,1
5,648,439,21,12,411,9,1,0,0,0,2
2,64,13,1,1,6,6,0,0,0,0,5
198,918,12,9,919,13,1,0,0,0,0,3
5,13,59,17,223,13,17,0,0,0,0,1
4,88,13,1,920,59,1,0,0,0,0,1
33,33,172,31,1,327,13,64,0,0,0,2
474,1,337,33,9,522,1,6,84,0,0,2
17,3,17,294,214,3,36,0,0,0,0,4
202,166,26,55,3,921,12,9,17,0,0,2
12,17,80,6,0,0,0,0,0,0,0,4
17,2,12,115,52,3,0,0,0,0,0,1
5,13,6,409,17,0,0,0,0,0,0,1
247,3,1,3,13,469,0,0,0,0,0,4
247,1,1,2,28,21,0,0,0,0,0,3
17,1,168,13,3,64,0,0,0,0,0,2
202,166,88,47,13,3,6,0,0,0,0,2
5,620,3,3,1,0,0,0,0,0,0,2
33,44,44,13,176,1,0,0,0,0,0,1
17,2,122,17,17,17,3,0,0,0,0,1
33,431,12,3,251,143,1,0,0,0,0,1
33,33,259,195,62,279,0,0,0,0,0,3
12,172,21,13,1,327,214,1,0,0,0,1
33,33,12,922,52,778,6,0,0,0,0,2
583,398,12,93,392,545,225,0,0,0,0,3
2,145,3,6,52,2,0,0,0,0,0,1
17,26,174,258,44,13,6,0,0,0,0,1
33,33,923,44,115,0,0,0,0,0,0,2
2,52,111,306,1,1,245,0,0,0,0,3
33,17,65,239,44,666,10,1,0,0,0,2
247,5,3,1,0,0,0,0,0,0,0,3
2,269,3,120,924,12,6,0,0,0,0,5
116,688,374,12,601,0,0,0,0,0,0,2
925,474,64,0,0,0,0,0,0,0,0,1
5,65,927,17,33,614,251,143,0,0,0,1
5,444,17,17,527,13,12,928,0,0,0,2
33,33,53,3,13,520,1,268,0,0,0,2
2,6,545,3,3,123,3,0,0,0,0,4
523,13,12,13,1,1,0,0,0,0,0,1
105,51,17,2,13,457,1,0,0,0,0,1
344,33,91,165,166,3,1,0,0,0,0,2
401,5,2,6,0,0,0,0,0,0,0,3
141,3,447,9,1,13,0,0,0,0,0,5
17,17,172,9,44,12,1,0,0,0,0,2
43,13,773,1,0,0,0,0,0,0,0,4
929,930,122,1,1,12,0,0,0,0,0,2
17,53,254,6,931,12,0,0,0,0,0,1
33,507,708,1,0,0,0,0,0,0,0,4
2,139,12,12,12,42,3,1,0,0,0,4
2,1,65,266,219,17,88,33,0,0,0,2
12,3,17,932,85,3,0,0,0,0,0,1
21,184,53,12,64,3,1,1,0,0,0,1
5,3,13,933,13,12,348,0,0,0,0,4
2,3,649,93,3,506,12,0,0,0,0,2
17,34,936,13,42,535,6,6,0,0,0,1
620,6,12,1,13,17,0,0,0,0,0,2
5,2,937,21,3,3,0,0,0,0,0,1
266,33,37,938,939,13,3,1,0,0,0,2
2,64,13,1,1,13,42,12,0,0,0,5
2,3,108,2,1,12,6,0,0,0,0,1
4,337,6,44,13,225,12,0,0,0,0,1
284,33,87,940,6,941,87,44,3,0,0,2
4,203,6,863,942,6,351,6,0,0,0,1
259,390,815,3,604,13,12,0,0,0,0,1
335,87,12,13,64,87,944,3,0,0,0,1
33,128,12,5,5,17,72,945,3,3,0,1
90,33,37,249,235,12,12,0,0,0,0,2
75,17,1,0,0,0,0,0,0,0,0,3
33,382,946,330,947,88,3,64,0,0,0,1
474,17,184,337,13,17,6,0,0,0,0,2
948,96,1,12,6,3,1,0,0,0,0,3
5,3,17,13,3,3,0,0,0,0,0,3
5,5,949,5,950,267,166,245,0,0,0,2
5,110,844,1,1,65,2,173,0,0,0,2
2,3,951,157,12,952,219,414,0,0,0,4
284,2,115,6,0,0,0,0,0,0,0,2
284,2,115,6,0,0,0,0,0,0,0,2
11,141,17,370,953,13,3,655,0,0,0,3
113,1,3,25,1,71,785,3,0,0,0,2
33,26,114,21,12,1,0,0,0,0,0,1
258,264,8,1,1,12,0,0,0,0,0,1
5,17,164,598,3,3,0,0,0,0,0,2
465,33,37,3,1,0,0,0,0,0,0,2
595,1,13,4,11,778,917,0,0,0,0,2
33,164,117,107,12,12,0,0,0,0,0,1
954,29,927,3,1,3,1,0,0,0,0,1
17,515,3,4,4,0,0,0,0,0,0,1
33,33,547,9,146,1,0,0,0,0,0,2
33,33,9,1,1,0,0,0,0,0,0,2
200,2,1,2,13,335,0,0,0,0,0,3
17,71,13,3,17,17,390,94,0,0,0,1
2,7,10,955,3,1,0,0,0,0,0,3
17,2,9,23,956,64,0,0,0,0,0,1
957,2,958,42,4,0,0,0,0,0,0,2
33,167,6,13,959,1,960,0,0,0,0,1
234,93,1,130,21,3,0,0,0,0,0,3
6,17,13,3,1,1,17,3,0,0,0,1
35,1,6,6,13,3,17,0,0,0,0,2
2,6,12,573,12,1,12,0,0,0,0,3
4,12,235,183,411,6,151,0,0,0,0,1
33,33,5,12,12,1,0,0,0,0,0,2
46,1,65,12,120,3,193,0,0,0,0,2
35,33,12,6,31,80,12,0,0,0,0,2
2,10,5,13,42,559,1,0,0,0,0,2
2,12,34,13,3,44,0,0,0,0,0,1
5,116,12,12,3,74,223,77,0,0,0,2
17,234,71,903,652,961,0,0,0,0,0,1
170,12,2,167,12,229,0,0,0,0,0,3
5,110,9,480,475,9,7,3,0,0,0,2
17,4,13,12,2,1,0,0,0,0,0,2
583,962,5,270,3,12,0,0,0,0,0,3
2,2,44,963,13,12,0,0,0,0,0,4
33,2,96,12,12,193,0,0,0,0,0,1
33,37,2,3,25,13,1,13,72,0,0,1
6,964,235,965,1,1,0,0,0,0,0,3
274,13,1,778,432,13,12,0,0,0,0,3
125,163,26,72,859,9,1,0,0,0,0,2
116,5,116,12,34,4,345,44,0,0,0,4
5,6,17,370,966,872,411,1,0,0,0,3
35,4,1,53,840,17,21,0,0,0,0,3
33,13,335,12,1,219,876,0,0,0,0,1
17,193,13,23,4,967,13,17,0,0,0,2
174,3,458,17,26,8,1,0,0,0,0,2
474,17,2,33,33,12,1,0,0,0,0,2
33,9,23,141,1,0,0,0,0,0,0,1
599,33,172,855,3,3,36,0,0,0,0,2
915,482,37,17,44,3,6,6,0,0,0,2
33,33,33,29,198,0,0,0,0,0,0,3
202,6,44,47,9,3,17,42,970,0,0,4
2,283,1,1,0,0,0,0,0,0,0,4
258,9,1,3,971,0,0,0,0,0,0,1
6,6,12,524,17,0,0,0,0,0,0,5
17,17,202,166,37,13,3,535,0,0,0,2
17,8,1,1,98,12,0,0,0,0,0,1
2,3,12,139,1,0,0,0,0,0,0,2
39,276,3,12,145,1,0,0,0,0,0,3
4,98,28,972,12,13,3,154,1,0,0,1
174,1,1,3,1,17,0,0,0,0,0,3
5,5,267,115,1,524,0,0,0,0,0,2
125,193,669,171,651,0,0,0,0,0,0,2
33,51,17,12,555,3,0,0,0,0,0,4
474,17,2,17,115,52,3,0,0,0,0,3
2,605,57,17,0,0,0,0,0,0,0,4
55,1,13,6,3,65,6,0,0,0,0,5
17,2,235,193,3,3,0,0,0,0,0,1
50,17,5,267,1,1,0,0,0,0,0,4
4,973,163,5,13,1,0,0,0,0,0,1
266,33,974,1,65,268,0,0,0,0,0,4
33,34,13,17,115,13,3,6,52,0,0,1
862,171,13,52,6,12,6,6,0,0,0,1
105,88,483,3,3,0,0,0,0,0,0,1
975,33,171,976,481,13,72,0,0,0,0,2
2,17,1,977,64,98,978,0,0,0,0,3
979,2,382,12,1,77,0,0,0,0,0,3
397,96,59,604,74,17,0,0,0,0,0,2
441,12,172,12,3,9,64,1,0,0,0,2
4,53,9,243,277,351,3,6,0,0,0,1
2,59,3,1,3,26,6,0,0,0,0,4
33,33,13,6,0,0,0,0,0,0,0,2
352,33,71,17,96,12,0,0,0,0,0,2
156,12,2,980,1,3,3,1,0,0,0,2
877,33,12,66,76,77,0,0,0,0,0,2
511,82,981,266,523,0,0,0,0,0,0,2
2,141,1,29,21,21,0,0,0,0,0,3
17,512,374,86,17,17,0,0,0,0,0,1
75,17,3,1,1,0,0,0,0,0,0,2
113,12,527,12,17,3,6,0,0,0,0,2
4,34,12,3,23,6,84,0,0,0,0,1
335,264,31,1,255,0,0,0,0,0,0,1
234,235,6,6,6,3,0,0,0,0,0,2
33,167,12,52,533,3,348,0,0,0,0,1
156,1,264,12,1,4,0,0,0,0,0,2
75,1,65,983,230,12,0,0,0,0,0,3
2,3,141,1,13,152,235,68,0,0,0,3
116,5,53,6,12,207,0,0,0,0,0,2
266,33,984,167,61,166,3,0,0,0,0,3
110,5,2,3,859,149,6,630,0,0,0,2
11,152,512,268,13,17,0,0,0,0,0,2
2,76,13,1,9,551,1,12,0,0,0,2
2,382,44,339,1,0,0,0,0,0,0,2
17,264,122,225,1,524,0,0,0,0,0,1
21,88,162,10,166,986,3,0,0,0,0,1
257,533,472,17,13,1,1,0,0,0,0,3
33,202,166,87,987,21,21,47,0,0,0,1
17,12,88,306,17,3,1,0,0,0,0,1
186,5,17,988,6,182,1,0,0,0,0,2
2,152,88,3,3,36,3,1,0,0,0,2
466,52,87,3,96,4,0,0,0,0,0,2
616,33,2,54,541,3,0,0,0,0,0,2
2,98,21,198,44,3,6,0,0,0,0,1
651,22,100,1,17,0,3,17,0,0,0,1
17,53,12,27,6,162,163,0,0,0,0,1
33,138,66,6,324,3,41,989,0,0,0,1
12,172,44,13,154,1,12,0,0,0,0,1
349,33,22,6,6,3,990,0,0,0,0,2
291,17,527,2,17,1,991,141,0,0,0,2
458,2,12,6,13,10,314,0,0,0,0,1
33,33,65,3,139,9,105,0,0,0,0,2
178,57,13,251,1,1,0,0,0,0,0,2
33,13,1,17,65,1,0,0,0,0,0,4
2,165,166,9,283,1,1,0,0,0,0,3
2,724,3,3,67,0,0,0,0,0,0,3
5,82,88,115,3,9,992,425,0,0,0,2
2,1,1,13,1,1,0,0,0,0,0,3
200,171,88,0,1,13,76,0,0,0,0,2
5,6,9,36,3,993,0,0,0,0,0,2
159,393,1,22,3,31,44,0,0,0,0,3
5,456,6,115,3,6,0,0,0,0,0,3
33,33,334,33,994,270,0,0,0,0,0,2
5,94,17,3,6,6,135,335,0,0,0,4
441,172,995,12,3,77,0,0,0,0,0,1
284,33,12,1,588,996,0,0,0,0,0,2
2,53,3,146,1,89,0,0,0,0,0,1
17,37,13,3,467,3,17,0,0,0,0,1
202,502,1,3,2,183,0,0,0,0,0,3
5,29,13,3,1,0,0,0,0,0,0,1
39,12,13,3,146,0,0,0,0,0,0,2
511,96,3,1,29,185,1,0,0,0,0,4
19,5,3,1,13,42,68,0,0,0,0,2
5,172,13,42,1,541,352,3,0,0,0,1
4,2,44,9,6,6,345,3,0,0,0,1
17,96,17,359,117,997,117,0,0,0,0,3
2,1,998,17,12,12,1,0,0,0,0,1
17,26,718,321,1,96,17,0,0,0,0,1
17,17,2,17,339,1,0,0,0,0,0,2
33,65,12,999,803,202,166,2,0,0,0,1
193,17,171,2,12,1,12,0,0,0,0,1
232,2,17,12,9,1,0,0,0,0,0,1
595,1000,1,874,17,13,6,84,0,0,0,5
2,17,12,12,21,0,0,0,0,0,0,2
33,88,3,1001,654,1002,0,0,0,0,0,1
200,13,3,1,9,59,4,0,0,0,0,4
2,98,3,13,1,2,1,0,0,0,0,1
1003,174,21,115,33,33,33,0,0,0,0,3
117,1004,1,3,12,1005,1,0,0,0,0,3
33,65,676,21,96,68,0,0,0,0,0,1
35,10,115,13,1,13,1,49,1,0,0,2
4,3,0,0,0,0,0,0,0,0,0,2
599,33,12,154,12,124,6,84,0,0,0,2
12,98,3,3,3,0,0,0,0,0,0,1
1006,17,382,21,0,0,0,0,0,0,0,2
5,3,1,3,1,0,0,0,0,0,0,5
33,267,141,36,268,0,0,0,0,0,0,2
949,3,775,1,172,12,21,0,0,0,0,4
651,26,274,5,3,545,12,1,0,0,0,1
110,5,65,13,154,165,166,0,0,0,0,2
113,3,653,1,12,27,3,0,0,0,0,4
259,287,198,44,0,0,0,0,0,0,0,1
651,760,3,17,3,806,17,0,0,0,0,1
147,21,6,3,3,3,0,0,0,0,0,4
2,21,88,21,1007,3,0,0,0,0,0,2
17,164,17,13,1,13,1008,1,874,0,0,1
2,806,17,3,1,17,0,0,0,0,0,2
2,1,648,12,351,0,0,0,0,0,0,2
5,778,472,13,3,1,0,0,0,0,0,1
17,3,291,172,335,96,341,0,0,0,0,3
247,1,171,9,6,6,0,0,0,0,0,2
5,5,5,13,457,1,255,6,0,0,0,3
234,5,3,12,1,9,6,6,0,0,0,2
4,65,12,42,1,235,1,0,0,0,0,1
488,33,821,12,12,3,3,522,0,0,0,2
284,5,13,1,1,0,0,0,0,0,0,2
229,1014,122,6,1015,223,314,0,0,0,0,1
68,547,13,180,0,0,0,0,0,0,0,5
125,41,1012,1013,17,238,9,141,1016,0,0,2
2,17,13,335,3,1,724,0,0,0,0,2
17,53,44,44,533,224,1,0,0,0,0,1
1017,234,71,4,0,0,0,0,0,0,0,4
11,17,655,87,203,122,258,0,0,0,0,3
17,53,12,17,9,551,12,6,0,0,0,1
9,535,69,17,37,21,21,9,4,0,0,4
17,2,2,13,3,6,6,0,0,0,0,3
739,98,13,3,722,13,3,166,0,0,0,1
12,130,13,42,225,2,72,335,0,0,0,1
5,3,13,335,13,959,21,0,0,0,0,2
5,34,1019,267,139,851,0,0,0,0,0,1
30,326,13,3,1,13,225,44,0,0,0,1
2,65,1020,91,3,329,183,0,0,0,0,1
174,265,21,1,657,13,0,0,0,0,0,5
17,12,34,3,1,0,0,0,0,0,0,2
17,145,3,457,165,260,223,0,0,0,0,1
35,4,370,3,1,1,0,0,0,0,0,2
5,171,1021,12,12,13,17,0,0,0,0,1
2,4,3,1,44,13,143,0,0,0,0,2
17,12,4,1022,3,0,0,0,0,0,0,5
33,9,12,146,1,12,143,0,0,0,0,5
35,111,267,166,3,1,13,3,6,0,0,2
73,13,3,47,12,49,3,41,0,0,0,1
200,3,3,798,1,0,0,0,0,0,0,5
33,33,3,1,3,0,0,0,0,0,0,5
291,4,995,1,0,0,0,0,0,0,0,2
4,172,946,163,1,0,0,0,0,0,0,1
127,88,27,10,1,12,0,0,0,0,0,1
2,393,1,181,17,0,0,0,0,0,0,5
2,506,17,17,12,267,166,17,0,0,0,4
12,12,1,3,12,1,0,0,0,0,0,1
2,6,6,339,9,6,3,813,21,0,0,4
17,33,164,254,12,3,64,0,0,0,0,2
2,6,863,44,12,1,3,0,0,0,0,1
247,4,378,49,17,13,12,0,0,0,0,2
12,17,12,486,59,12,982,0,0,0,0,3
1023,5,3,164,1,21,0,0,0,0,0,3
116,12,12,163,12,5,12,0,0,0,0,5
33,1024,6,45,508,33,0,0,0,0,0,1
371,2,211,659,0,0,0,0,0,0,0,3
5,12,275,3,165,166,0,0,0,0,0,2
82,12,3,6,69,13,320,0,0,0,0,1
4,88,810,17,62,177,1025,0,0,0,0,1
764,33,37,17,12,3,225,0,0,0,0,2
1026,4,0,0,0,0,0,0,0,0,0,2
4,119,4,0,0,0,0,0,0,0,0,3
12,411,1027,308,111,13,45,0,0,0,0,3
504,12,3,226,17,17,17,0,0,0,0,2
33,65,1020,122,193,573,3,0,0,0,0,1
12,362,17,1,2,6,0,0,0,0,0,1
0,3,602,0,0,0,0,0,0,0,0,3
5,5,3,3,17,1028,17,0,0,0,0,2
33,13,154,3,4,0,0,0,0,0,0,1
1029,516,1030,9,42,4,0,0,0,0,0,3
2,1031,13,708,1,9,6,0,0,0,0,5
2,6,533,1,1,0,0,0,0,0,0,2
200,6,2,107,202,166,17,0,0,0,0,2
371,1,1032,12,746,176,0,0,0,0,0,2
35,4,3,17,72,1,0,0,0,0,0,3
147,1,98,17,72,42,1,1,0,0,0,2
46,12,13,166,3,0,0,0,0,0,0,2
4,268,12,17,1033,0,0,0,0,0,0,1
12,6,87,364,0,0,0,0,0,0,0,2
172,33,717,17,17,88,235,152,0,0,0,5
2,13,17,1,0,0,0,0,0,0,0,1
2,12,1034,12,348,0,0,0,0,0,0,1
2,3,4,37,72,165,17,1,0,0,0,3
948,34,492,12,0,0,0,0,0,0,0,1
125,1,13,6,0,0,0,0,0,0,0,2
33,29,127,9,6,6,0,0,0,0,0,1
17,2,17,13,17,0,0,0,0,0,0,1
113,17,1,0,0,0,0,0,0,0,0,3
259,53,336,579,1,0,0,0,0,0,0,1
1035,165,207,3,12,12,6,3,0,0,0,4
33,22,199,17,17,846,145,33,0,0,0,1
33,1036,1037,1,9,0,0,0,0,0,0,1
17,37,13,139,9,3,13,33,0,0,0,1
4,44,1038,12,21,0,0,0,0,0,0,1
174,1,13,445,12,0,0,0,0,0,0,2
19,3,93,3,13,777,0,0,0,0,0,4
174,141,1,9,44,0,0,0,0,0,0,5
2,176,17,2,13,17,1,1,0,0,0,4
17,12,13,17,0,0,0,0,0,0,0,2
2,163,1,13,3,3,0,0,0,0,0,3
33,287,37,21,820,0,0,0,0,0,0,3
33,879,1039,219,201,0,0,0,0,0,0,2
474,695,17,172,9,1,109,6,0,0,0,3
39,165,42,17,0,0,0,0,0,0,0,3
860,241,821,21,228,67,0,0,0,0,0,2
33,5,2,1040,166,29,6,0,0,0,0,1
5,26,12,6,115,3,1,3,0,0,0,1
234,3,13,6,29,198,44,3,0,0,0,2
17,33,172,12,214,27,6,0,0,0,0,2
2,143,184,634,13,21,314,0,0,0,0,2
4,164,61,3,153,0,0,0,0,0,0,1
33,33,33,476,6,6,0,0,0,0,0,3
510,33,627,1041,33,0,0,0,0,0,0,2
43,13,283,1,12,6,17,0,0,0,0,1
2,17,254,5,12,195,47,0,0,0,0,1
5,2,1042,17,2,2,17,110,0,0,0,4
158,5,1036,151,6,2,0,0,0,0,0,2
46,1,13,17,37,1,0,0,0,0,0,4
33,33,620,1005,1,684,12,0,0,0,0,2
174,6,69,12,1,13,12,0,0,0,0,3
17,88,66,17,12,3,12,0,0,0,0,1
326,2,17,17,6,68,909,52,0,0,0,2
2,64,17,17,6,3,4,0,0,0,0,2
249,71,44,21,11,524,763,458,0,0,0,1
33,88,6,6,1043,12,163,0,0,0,0,1
268,13,1,77,872,84,12,0,0,0,0,4
523,33,172,3,9,17,681,0,0,0,0,2
2,64,12,6,13,59,153,0,0,0,0,4
5,620,13,3,44,13,1,1044,0,0,0,5
33,37,240,2,872,3,223,0,0,0,0,1
2,2,382,17,149,33,17,0,0,0,0,1
266,33,117,44,3,13,180,0,0,0,0,2
5,2,128,395,139,1045,12,0,0,0,0,2
257,3,1,1,545,1,206,0,0,0,0,4
2,1,65,807,258,13,3,141,1,0,0,2
33,33,9,3,1,0,0,0,0,0,0,2
379,74,17,811,1046,12,3,225,0,0,0,1
420,3,6,6,3,335,0,0,0,0,0,1
12,26,13,74,68,231,214,265,1,0,0,1
17,26,17,13,1,17,65,884,17,0,0,1
266,33,88,621,147,157,12,0,0,0,0,2
43,2,447,1047,33,9,68,0,0,0,0,2
0,1,1048,13,335,1049,185,36,0,0,0,5
1050,15,668,17,502,13,674,0,0,0,0,3
17,98,21,9,535,6,1051,13,491,0,0,1
266,33,12,274,110,87,2,630,284,0,0,2
174,12,1,13,3,6,9,320,0,0,0,3
33,172,13,154,225,1,2,0,0,0,0,1
266,13,296,1,43,82,12,0,0,0,0,4
2,42,10,12,920,96,153,0,0,0,0,5
291,17,91,4,9,6,49,1052,0,0,0,1
33,33,33,6,0,0,0,0,0,0,0,3
33,33,33,6,0,0,0,0,0,0,0,4
17,370,235,1,17,3,0,0,0,0,0,1
2,167,12,9,42,3,17,3,0,0,0,1
156,12,264,198,218,9,12,12,0,0,0,2
17,17,172,21,0,0,0,0,0,0,0,2
247,3,175,21,1,1,0,0,0,0,0,1
33,37,2,1053,12,69,0,0,0,0,0,1
234,5,3,267,207,3,0,0,0,0,0,2
33,29,21,21,3,13,1,0,0,0,0,1
266,29,44,181,33,2,0,0,0,0,0,1
5,2,0,0,0,0,0,0,0,0,0,2
1054,806,1,3,1,0,0,0,0,0,0,3
2,1,1,1,0,0,0,0,0,0,0,4
4,22,11,806,231,110,3,0,0,0,0,1
202,166,29,17,2,22,17,12,0,0,0,2
6,12,535,6,3,36,0,0,0,0,0,1
35,6,9,12,0,0,0,0,0,0,0,4
2,164,13,6,6,135,335,0,0,0,0,1
33,3,267,1,545,7,163,0,0,0,0,3
202,166,2,17,2,6,2,0,0,0,0,2
5,5,13,166,1,0,0,0,0,0,0,5
5,1055,6,13,64,0,0,0,0,0,0,3
87,408,5,3,267,207,44,0,0,0,0,3
2,6,6,12,13,6,6,12,0,0,0,4
2,10,53,17,3,1,0,0,0,0,0,2