0, 1, 2, 3, 0, 0, 0, 0, 0, 0, 0, 1
10, 1, 0, 0, 0, 0, 0, 0, 0, 0, 0, 1
12, 13, 14, 15, 16, 0, 0, 0, 0, 0, 0, 1
17, 18, 19, 20, 2, 21, 16, 0, 0, 0, 0, 1
22, 23, 22, 2, 24, 0, 0, 0, 0, 0, 0, 1
25, 26, 27, 27, 28, 0, 0, 0, 0, 0, 0, 1
29, 18, 30, 31, 32, 0, 0, 0, 0, 0, 0, 1
29, 36, 37, 38, 39, 40, 0, 0, 0, 0, 0, 1
22, 44, 2, 45, 0, 0, 0, 0, 0, 0, 0, 1
5, 48, 49, 0, 0, 0, 0, 0, 0, 0, 0, 1
10, 13, 50, 51, 31, 0, 0, 0, 0, 0, 0, 1
5, 22, 31, 54, 55, 0, 0, 0, 0, 0, 0, 1
22, 56, 16, 0, 0, 0, 0, 0, 0, 0, 0, 1
42, 29, 16, 0, 0, 0, 0, 0, 0, 0, 0, 1
42, 65, 2, 66, 0, 0, 0, 0, 0, 0, 0, 1
42, 23, 39, 0, 0, 0, 0, 0, 0, 0, 0, 1
5, 69, 16, 0, 0, 0, 0, 0, 0, 0, 0, 1
70, 71, 72, 0, 0, 0, 0, 0, 0, 0, 0, 1
73, 74, 31, 75, 16, 0, 0, 0, 0, 0, 0, 1
42, 62, 13, 38, 16, 0, 0, 0, 0, 0, 0, 1
25, 36, 29, 2, 27, 27, 0, 0, 0, 0, 0, 1
0, 86, 87, 88, 89, 0, 0, 0, 0, 0, 0, 1
70, 42, 64, 83, 64, 0, 0, 0, 0, 0, 0, 1
42, 26, 38, 16, 16, 0, 0, 0, 0, 0, 0, 1
42, 94, 39, 40, 31, 95, 0, 0, 0, 0, 0, 1
82, 112, 31, 126, 127, 31, 0, 0, 0, 0, 0, 1
0, 132, 63, 2, 3, 0, 0, 0, 0, 0, 0, 1
29, 18, 141, 27, 31, 16, 0, 0, 0, 0, 0, 1
42, 26, 39, 2, 51, 16, 0, 0, 0, 0, 0, 1
29, 18, 38, 131, 82, 0, 0, 0, 0, 0, 0, 1
144, 26, 145, 16, 0, 0, 0, 0, 0, 0, 0, 1
150, 100, 38, 27, 31, 29, 0, 0, 0, 0, 0, 1
22, 109, 81, 31, 31, 151, 0, 0, 0, 0, 0, 1
29, 23, 38, 38, 31, 31, 16, 0, 0, 0, 0, 1
29, 26, 31, 38, 29, 0, 0, 0, 0, 0, 0, 1
29, 154, 2, 16, 0, 0, 0, 0, 0, 0, 0, 1
29, 26, 156, 31, 148, 31, 16, 0, 0, 0, 0, 1
29, 100, 72, 157, 31, 51, 16, 0, 0, 0, 0, 1
29, 26, 73, 38, 39, 161, 0, 0, 0, 0, 0, 1
29, 112, 167, 29, 31, 29, 0, 0, 0, 0, 0, 1
148, 18, 168, 169, 31, 16, 0, 0, 0, 0, 0, 1
29, 18, 2, 31, 16, 16, 0, 0, 0, 0, 0, 1
29, 90, 2, 169, 29, 31, 16, 0, 0, 0, 0, 1
22, 26, 14, 38, 178, 0, 0, 0, 0, 0, 0, 1
22, 23, 31, 51, 16, 0, 0, 0, 0, 0, 0, 1
42, 78, 31, 179, 29, 0, 0, 0, 0, 0, 0, 1
29, 18, 121, 72, 72, 0, 0, 0, 0, 0, 0, 1
185, 38, 38, 29, 0, 0, 0, 0, 0, 0, 0, 1
42, 120, 31, 29, 0, 0, 0, 0, 0, 0, 0, 1
22, 186, 162, 38, 146, 0, 0, 0, 0, 0, 0, 1
187, 18, 38, 188, 16, 0, 0, 0, 0, 0, 0, 1
159, 36, 29, 29, 31, 0, 0, 0, 0, 0, 0, 1
194, 112, 38, 195, 16, 0, 0, 0, 0, 0, 0, 1
93, 196, 145, 27, 27, 0, 0, 0, 0, 0, 0, 1
29, 26, 31, 51, 197, 27, 27, 111, 0, 0, 0, 1
29, 198, 72, 72, 38, 16, 0, 0, 0, 0, 0, 1
199, 102, 200, 195, 82, 39, 0, 0, 0, 0, 0, 1
201, 43, 38, 31, 202, 2, 29, 0, 0, 0, 0, 1
174, 100, 38, 203, 16, 16, 0, 0, 0, 0, 0, 1
29, 23, 38, 29, 29, 82, 0, 0, 0, 0, 0, 1
187, 90, 29, 31, 206, 2, 16, 0, 0, 0, 0, 1
29, 18, 207, 117, 208, 0, 0, 0, 0, 0, 0, 1
29, 90, 72, 31, 210, 16, 0, 0, 0, 0, 0, 1
82, 78, 216, 217, 16, 0, 0, 0, 0, 0, 0, 1
82, 13, 39, 123, 39, 0, 0, 0, 0, 0, 0, 1
29, 100, 31, 16, 0, 0, 0, 0, 0, 0, 0, 1
29, 138, 29, 2, 51, 29, 0, 0, 0, 0, 0, 1
29, 26, 31, 16, 2, 16, 35, 0, 0, 0, 0, 1
29, 138, 2, 224, 31, 27, 29, 0, 0, 0, 0, 1
171, 120, 31, 225, 29, 0, 0, 0, 0, 0, 0, 1
82, 140, 2, 31, 31, 16, 29, 0, 0, 0, 0, 1
29, 90, 38, 226, 27, 27, 0, 0, 0, 0, 0, 1
29, 63, 29, 227, 228, 16, 0, 0, 0, 0, 0, 1
29, 97, 229, 39, 31, 82, 0, 0, 0, 0, 0, 1
29, 140, 39, 38, 27, 111, 0, 0, 0, 0, 0, 1
42, 26, 39, 39, 2, 82, 0, 0, 0, 0, 0, 1
29, 26, 29, 2, 51, 29, 0, 0, 0, 0, 0, 1
171, 23, 31, 230, 38, 231, 137, 0, 0, 0, 0, 1
29, 107, 31, 210, 73, 0, 0, 0, 0, 0, 0, 1
29, 18, 167, 31, 16, 2, 16, 35, 0, 0, 0, 1
29, 120, 232, 233, 0, 0, 0, 0, 0, 0, 0, 1
29, 112, 207, 29, 0, 0, 0, 0, 0, 0, 0, 1
42, 26, 29, 137, 0, 0, 0, 0, 0, 0, 0, 1
29, 112, 235, 2, 31, 16, 0, 0, 0, 0, 0, 1
29, 100, 29, 31, 147, 38, 27, 0, 0, 0, 0, 1
82, 142, 39, 2, 27, 236, 0, 0, 0, 0, 0, 1
239, 240, 29, 2, 131, 16, 241, 0, 0, 0, 0, 1
22, 138, 39, 39, 2, 31, 0, 0, 0, 0, 0, 1
42, 140, 39, 39, 2, 16, 0, 0, 0, 0, 0, 1
29, 245, 31, 31, 0, 0, 0, 0, 0, 0, 0, 1
29, 26, 2, 246, 16, 31, 16, 0, 0, 0, 0, 1
82, 100, 31, 29, 2, 119, 38, 0, 0, 0, 0, 1
29, 23, 27, 111, 2, 148, 0, 0, 0, 0, 0, 1
70, 42, 142, 72, 122, 0, 0, 0, 0, 0, 0, 1
42, 26, 29, 95, 0, 0, 0, 0, 0, 0, 0, 1
29, 112, 228, 16, 29, 16, 0, 0, 0, 0, 0, 1
42, 2, 16, 16, 0, 0, 0, 0, 0, 0, 0, 1
250, 2, 188, 95, 0, 0, 0, 0, 0, 0, 0, 1
22, 251, 16, 0, 0, 0, 0, 0, 0, 0, 0, 1
42, 252, 2, 31, 253, 0, 0, 0, 0, 0, 0, 1
0, 254, 2, 141, 0, 0, 0, 0, 0, 0, 0, 1
5, 2, 31, 255, 0, 0, 0, 0, 0, 0, 0, 1
0, 256, 2, 38, 0, 0, 0, 0, 0, 0, 0, 1
22, 2, 31, 16, 0, 0, 0, 0, 0, 0, 0, 1
22, 13, 2, 113, 0, 0, 0, 0, 0, 0, 0, 1
129, 22, 257, 0, 0, 0, 0, 0, 0, 0, 0, 1
70, 60, 72, 0, 0, 0, 0, 0, 0, 0, 0, 1
22, 259, 21, 0, 0, 0, 0, 0, 0, 0, 0, 1
5, 223, 260, 0, 0, 0, 0, 0, 0, 0, 0, 1
22, 93, 1, 0, 0, 0, 0, 0, 0, 0, 0, 1
22, 93, 1, 0, 0, 0, 0, 0, 0, 0, 0, 1
22, 263, 2, 21, 0, 0, 0, 0, 0, 0, 0, 1
42, 266, 38, 0, 0, 0, 0, 0, 0, 0, 0, 1
5, 93, 93, 0, 0, 0, 0, 0, 0, 0, 0, 1
267, 1, 31, 188, 117, 0, 0, 0, 0, 0, 0, 1
42, 196, 2, 264, 0, 0, 0, 0, 0, 0, 0, 1
49, 22, 16, 0, 0, 0, 0, 0, 0, 0, 0, 1
42, 268, 268, 0, 0, 0, 0, 0, 0, 0, 0, 1
42, 268, 49, 0, 0, 0, 0, 0, 0, 0, 0, 1
42, 269, 2, 16, 0, 0, 0, 0, 0, 0, 0, 1
67, 120, 270, 2, 16, 0, 0, 0, 0, 0, 0, 1
42, 271, 2, 31, 264, 0, 0, 0, 0, 0, 0, 1
42, 63, 39, 0, 0, 0, 0, 0, 0, 0, 0, 1
70, 42, 72, 0, 0, 0, 0, 0, 0, 0, 0, 1
70, 10, 72, 0, 0, 0, 0, 0, 0, 0, 0, 1
70, 49, 72, 0, 0, 0, 0, 0, 0, 0, 0, 1
70, 67, 72, 0, 0, 0, 0, 0, 0, 0, 0, 1
70, 42, 72, 0, 0, 0, 0, 0, 0, 0, 0, 1
276, 29, 277, 16, 0, 0, 0, 0, 0, 0, 0, 1
93, 41, 2, 146, 0, 0, 0, 0, 0, 0, 0, 1
42, 240, 72, 281, 0, 0, 0, 0, 0, 0, 0, 1
29, 112, 39, 123, 2, 285, 38, 286, 0, 0, 0, 1
93, 288, 39, 2, 16, 16, 0, 0, 0, 0, 0, 1
42, 186, 31, 169, 29, 39, 0, 0, 0, 0, 0, 1
93, 23, 290, 31, 291, 0, 0, 0, 0, 0, 0, 1
29, 23, 29, 83, 82, 29, 31, 29, 0, 0, 0, 1
29, 23, 295, 50, 29, 0, 0, 0, 0, 0, 0, 1
93, 138, 171, 31, 195, 31, 180, 0, 0, 0, 0, 1
42, 46, 119, 31, 21, 0, 0, 0, 0, 0, 0, 1
42, 41, 2, 31, 298, 299, 0, 0, 0, 0, 0, 1
185, 18, 300, 301, 38, 50, 29, 0, 0, 0, 0, 1
29, 100, 38, 29, 27, 302, 0, 0, 0, 0, 0, 1
29, 26, 307, 16, 50, 16, 0, 0, 0, 0, 0, 1
148, 18, 27, 27, 2, 16, 16, 0, 0, 0, 0, 1
29, 142, 229, 39, 29, 16, 0, 0, 0, 0, 0, 1
171, 94, 310, 39, 2, 27, 27, 311, 0, 0, 0, 1
29, 107, 309, 27, 27, 31, 312, 29, 31, 0, 0, 1
42, 109, 217, 0, 39, 0, 0, 0, 0, 0, 0, 1
42, 41, 317, 318, 16, 2, 25, 0, 0, 0, 0, 1
42, 62, 26, 324, 31, 291, 2, 29, 0, 0, 0, 1
29, 90, 325, 16, 0, 0, 0, 0, 0, 0, 0, 1
185, 90, 31, 16, 31, 0, 0, 0, 0, 0, 0, 1
82, 329, 2, 31, 29, 31, 27, 0, 0, 0, 0, 1
29, 26, 38, 31, 27, 27, 0, 0, 0, 0, 0, 1
29, 36, 2, 28, 2, 29, 0, 0, 0, 0, 0, 1
29, 36, 167, 31, 38, 330, 331, 0, 0, 0, 0, 1
29, 112, 38, 16, 336, 0, 0, 0, 0, 0, 0, 1
42, 23, 337, 16, 2, 29, 0, 0, 0, 0, 0, 1
29, 23, 2, 234, 31, 169, 73, 0, 0, 0, 0, 1
22, 186, 338, 2, 51, 16, 0, 0, 0, 0, 0, 1
29, 36, 2, 316, 29, 29, 29, 0, 0, 0, 0, 1
29, 90, 167, 180, 16, 31, 339, 27, 0, 0, 0, 1
82, 13, 39, 39, 0, 0, 0, 0, 0, 0, 0, 1
29, 100, 167, 16, 340, 31, 0, 0, 0, 0, 0, 1
29, 18, 38, 31, 27, 0, 0, 0, 0, 0, 0, 1
5, 99, 99, 0, 0, 0, 0, 0, 0, 0, 0, 1
5, 93, 29, 0, 0, 0, 0, 0, 0, 0, 0, 1
42, 90, 2, 28, 2, 27, 0, 0, 0, 0, 0, 1
211, 0, 345, 0, 0, 0, 0, 0, 0, 0, 0, 1
42, 46, 85, 16, 0, 0, 0, 0, 0, 0, 0, 1
42, 183, 346, 16, 0, 0, 0, 0, 0, 0, 0, 1
59, 38, 16, 0, 0, 0, 0, 0, 0, 0, 0, 1
42, 2, 16, 16, 0, 0, 0, 0, 0, 0, 0, 1
42, 22, 16, 0, 0, 0, 0, 0, 0, 0, 0, 1
70, 42, 64, 0, 0, 0, 0, 0, 0, 0, 0, 1
70, 42, 72, 0, 0, 0, 0, 0, 0, 0, 0, 1
70, 42, 2, 27, 348, 0, 0, 0, 0, 0, 0, 1
70, 42, 41, 39, 0, 0, 0, 0, 0, 0, 0, 1
29, 141, 27, 0, 0, 0, 0, 0, 0, 0, 0, 1
29, 154, 2, 131, 16, 0, 0, 0, 0, 0, 0, 1
29, 100, 72, 0, 0, 0, 0, 0, 0, 0, 0, 1
29, 36, 72, 0, 0, 0, 0, 0, 0, 0, 0, 1
349, 2, 29, 72, 0, 0, 0, 0, 0, 0, 0, 1
351, 57, 72, 0, 0, 0, 0, 0, 0, 0, 0, 1
0, 354, 293, 0, 0, 0, 0, 0, 0, 0, 0, 1
345, 33, 2, 16, 0, 0, 0, 0, 0, 0, 0, 1
42, 33, 2, 85, 0, 0, 0, 0, 0, 0, 0, 1
345, 46, 27, 356, 0, 0, 0, 0, 0, 0, 0, 1
42, 99, 2, 85, 0, 0, 0, 0, 0, 0, 0, 1
10, 41, 2, 16, 0, 0, 0, 0, 0, 0, 0, 1
0, 357, 333, 0, 0, 0, 0, 0, 0, 0, 0, 1
358, 140, 79, 2, 359, 27, 28, 0, 0, 0, 0, 1
42, 112, 200, 31, 16, 0, 0, 0, 0, 0, 0, 1
22, 99, 360, 0, 0, 0, 0, 0, 0, 0, 0, 1
0, 154, 2, 16, 0, 0, 0, 0, 0, 0, 0, 1
0, 351, 361, 38, 0, 0, 0, 0, 0, 0, 0, 1
29, 86, 252, 0, 0, 0, 0, 0, 0, 0, 0, 1
358, 362, 2, 31, 29, 38, 0, 0, 0, 0, 0, 1
0, 33, 39, 83, 39, 0, 0, 0, 0, 0, 0, 1
0, 36, 39, 83, 275, 0, 0, 0, 0, 0, 0, 1
0, 36, 39, 0, 0, 0, 0, 0, 0, 0, 0, 1
70, 42, 13, 38, 363, 0, 0, 0, 0, 0, 0, 1
70, 42, 41, 72, 0, 0, 0, 0, 0, 0, 0, 1
364, 120, 2, 16, 0, 0, 0, 0, 0, 0, 0, 1
70, 42, 13, 39, 365, 0, 0, 0, 0, 0, 0, 1
70, 42, 13, 72, 72, 0, 0, 0, 0, 0, 0, 1
70, 10, 72, 0, 0, 0, 0, 0, 0, 0, 0, 1
42, 102, 72, 72, 2, 16, 0, 0, 0, 0, 0, 1
358, 369, 370, 72, 0, 0, 0, 0, 0, 0, 0, 1
0, 371, 56, 38, 72, 0, 0, 0, 0, 0, 0, 1
42, 372, 31, 16, 373, 0, 0, 0, 0, 0, 0, 1
70, 42, 13, 2, 264, 0, 0, 0, 0, 0, 0, 1
70, 42, 240, 39, 2, 299, 27, 27, 0, 0, 0, 1
70, 345, 41, 377, 2, 31, 0, 0, 0, 0, 0, 1
380, 53, 2, 31, 16, 0, 0, 0, 0, 0, 0, 1
29, 112, 72, 2, 260, 381, 0, 0, 0, 0, 0, 1
70, 60, 63, 2, 382, 29, 16, 0, 0, 0, 0, 1
70, 364, 120, 39, 29, 55, 0, 0, 0, 0, 0, 1
70, 10, 41, 39, 2, 260, 0, 0, 0, 0, 0, 1
0, 33, 38, 224, 16, 2, 24, 0, 0, 0, 0, 1
70, 223, 13, 2, 82, 0, 0, 0, 0, 0, 0, 1
70, 223, 13, 383, 39, 2, 311, 0, 0, 0, 0, 1
29, 36, 228, 55, 38, 386, 0, 0, 0, 0, 0, 1
82, 100, 2, 31, 16, 16, 0, 0, 0, 0, 0, 1
70, 247, 13, 38, 55, 72, 0, 0, 0, 0, 0, 1
70, 247, 23, 383, 39, 0, 0, 0, 0, 0, 0, 1
70, 247, 217, 234, 111, 27, 0, 0, 0, 0, 0, 1
247, 120, 39, 83, 333, 0, 0, 0, 0, 0, 0, 1
70, 247, 389, 27, 134, 0, 0, 0, 0, 0, 0, 1
176, 18, 270, 2, 16, 0, 0, 0, 0, 0, 0, 1
70, 247, 97, 31, 75, 35, 0, 0, 0, 0, 0, 1
70, 42, 13, 393, 72, 0, 0, 0, 0, 0, 0, 1
70, 22, 97, 375, 0, 0, 0, 0, 0, 0, 0, 1
70, 22, 142, 53, 22, 38, 134, 0, 0, 0, 0, 1
70, 22, 97, 31, 61, 0, 0, 0, 0, 0, 0, 1
1, 247, 16, 16, 31, 0, 0, 0, 0, 0, 0, 1
70, 22, 63, 72, 72, 0, 0, 0, 0, 0, 0, 1
42, 53, 39, 83, 39, 0, 0, 0, 0, 0, 0, 1
70, 72, 71, 0, 0, 0, 0, 0, 0, 0, 0, 1
29, 23, 398, 31, 31, 0, 0, 0, 0, 0, 0, 1
22, 198, 2, 16, 0, 0, 0, 0, 0, 0, 0, 1
56, 362, 2, 400, 0, 0, 0, 0, 0, 0, 0, 1
42, 401, 2, 16, 0, 0, 0, 0, 0, 0, 0, 1
402, 112, 39, 72, 0, 0, 0, 0, 0, 0, 0, 1
115, 116, 2, 24, 134, 0, 0, 0, 0, 0, 0, 1
403, 22, 389, 75, 0, 0, 0, 0, 0, 0, 0, 1
42, 404, 2, 397, 2, 16, 0, 0, 0, 0, 0, 1
42, 112, 333, 405, 0, 0, 0, 0, 0, 0, 0, 1
0, 22, 21, 0, 0, 0, 0, 0, 0, 0, 0, 1
93, 36, 38, 408, 16, 0, 0, 0, 0, 0, 0, 1
0, 62, 409, 38, 72, 0, 0, 0, 0, 0, 0, 1
0, 354, 72, 281, 0, 0, 0, 0, 0, 0, 0, 1
0, 358, 33, 39, 31, 410, 0, 0, 0, 0, 0, 1
0, 354, 38, 16, 0, 0, 0, 0, 0, 0, 0, 1
0, 351, 33, 411, 0, 0, 0, 0, 0, 0, 0, 1
22, 138, 31, 413, 0, 0, 0, 0, 0, 0, 0, 1
22, 112, 38, 16, 0, 0, 0, 0, 0, 0, 0, 1
0, 354, 414, 157, 0, 0, 0, 0, 0, 0, 0, 1
22, 138, 86, 41, 0, 0, 0, 0, 0, 0, 0, 1
0, 415, 22, 16, 0, 0, 0, 0, 0, 0, 0, 1
346, 154, 31, 51, 16, 0, 0, 0, 0, 0, 0, 1
376, 102, 2, 273, 0, 0, 0, 0, 0, 0, 0, 1
0, 357, 5, 375, 0, 0, 0, 0, 0, 0, 0, 1
358, 420, 2, 31, 386, 0, 0, 0, 0, 0, 0, 1
358, 421, 375, 2, 422, 0, 0, 0, 0, 0, 0, 1
33, 53, 2, 425, 0, 0, 0, 0, 0, 0, 0, 1
42, 53, 2, 24, 0, 0, 0, 0, 0, 0, 0, 1
93, 53, 2, 425, 0, 0, 0, 0, 0, 0, 0, 1
1, 53, 2, 39, 0, 0, 0, 0, 0, 0, 0, 1
93, 251, 31, 0, 0, 0, 0, 0, 0, 0, 0, 1
22, 41, 38, 0, 0, 0, 0, 0, 0, 0, 0, 1
22, 364, 31, 0, 0, 0, 0, 0, 0, 0, 0, 1
427, 428, 2, 194, 0, 0, 0, 0, 0, 0, 0, 1
29, 22, 31, 0, 0, 0, 0, 0, 0, 0, 0, 1
22, 38, 0, 0, 0, 0, 0, 0, 0, 0, 0, 1
358, 33, 38, 31, 31, 0, 0, 0, 0, 0, 0, 1
22, 18, 2, 234, 0, 0, 0, 0, 0, 0, 0, 1
22, 63, 2, 31, 0, 0, 0, 0, 0, 0, 0, 1
22, 22, 31, 0, 0, 0, 0, 0, 0, 0, 0, 1
22, 49, 0, 0, 0, 0, 0, 0, 0, 0, 0, 1
70, 22, 72, 0, 0, 0, 0, 0, 0, 0, 0, 1
70, 22, 72, 0, 0, 0, 0, 0, 0, 0, 0, 1
70, 22, 72, 0, 0, 0, 0, 0, 0, 0, 0, 1
70, 22, 72, 0, 0, 0, 0, 0, 0, 0, 0, 1
70, 22, 72, 0, 0, 0, 0, 0, 0, 0, 0, 1
70, 22, 122, 0, 0, 0, 0, 0, 0, 0, 0, 1
70, 22, 430, 0, 0, 0, 0, 0, 0, 0, 0, 1
70, 22, 64, 0, 0, 0, 0, 0, 0, 0, 0, 1
70, 29, 431, 0, 0, 0, 0, 0, 0, 0, 0, 1
70, 22, 122, 0, 0, 0, 0, 0, 0, 0, 0, 1
93, 36, 38, 2, 31, 0, 0, 0, 0, 0, 0, 1
22, 13, 38, 2, 432, 0, 0, 0, 0, 0, 0, 1
22, 29, 31, 0, 0, 0, 0, 0, 0, 0, 0, 1
22, 18, 38, 0, 0, 0, 0, 0, 0, 0, 0, 1
22, 13, 2, 31, 72, 0, 0, 0, 0, 0, 0, 1
22, 112, 2, 31, 0, 0, 0, 0, 0, 0, 0, 1
22, 252, 2, 31, 64, 0, 0, 0, 0, 0, 0, 1
22, 93, 99, 0, 0, 0, 0, 0, 0, 0, 0, 1
5, 93, 433, 0, 0, 0, 0, 0, 0, 0, 0, 1
22, 268, 2, 31, 31, 0, 0, 0, 0, 0, 0, 1
22, 435, 2, 225, 38, 0, 0, 0, 0, 0, 0, 1
22, 22, 31, 0, 0, 0, 0, 0, 0, 0, 0, 1
22, 22, 436, 31, 0, 0, 0, 0, 0, 0, 0, 1
22, 437, 31, 0, 0, 0, 0, 0, 0, 0, 0, 1
22, 438, 31, 0, 0, 0, 0, 0, 0, 0, 0, 1
22, 50, 31, 0, 0, 0, 0, 0, 0, 0, 0, 1
22, 22, 31, 0, 0, 0, 0, 0, 0, 0, 0, 1
22, 63, 38, 0, 0, 0, 0, 0, 0, 0, 0, 1
0, 112, 440, 441, 0, 0, 0, 0, 0, 0, 0, 1
443, 22, 38, 31, 0, 0, 0, 0, 0, 0, 0, 1
22, 93, 99, 0, 0, 0, 0, 0, 0, 0, 0, 1
70, 22, 72, 0, 0, 0, 0, 0, 0, 0, 0, 1
70, 22, 64, 0, 0, 0, 0, 0, 0, 0, 0, 1
70, 22, 431, 0, 0, 0, 0, 0, 0, 0, 0, 1
22, 252, 2, 31, 72, 0, 0, 0, 0, 0, 0, 1
29, 22, 31, 0, 0, 0, 0, 0, 0, 0, 0, 1
22, 444, 38, 0, 0, 0, 0, 0, 0, 0, 0, 1
22, 438, 31, 0, 0, 0, 0, 0, 0, 0, 0, 1
29, 29, 31, 31, 0, 0, 0, 0, 0, 0, 0, 1
22, 445, 31, 0, 0, 0, 0, 0, 0, 0, 0, 1
22, 13, 38, 0, 0, 0, 0, 0, 0, 0, 0, 1
22, 13, 2, 31, 0, 0, 0, 0, 0, 0, 0, 1
22, 41, 38, 0, 0, 0, 0, 0, 0, 0, 0, 1
22, 2, 31, 0, 0, 0, 0, 0, 0, 0, 0, 1
22, 63, 93, 38, 0, 0, 0, 0, 0, 0, 0, 1
22, 186, 39, 2, 9, 0, 0, 0, 0, 0, 0, 1
29, 198, 446, 38, 31, 296, 29, 0, 0, 0, 0, 1
22, 18, 38, 337, 38, 0, 0, 0, 0, 0, 0, 1
82, 18, 38, 38, 31, 0, 0, 0, 0, 0, 0, 1
22, 109, 38, 447, 448, 0, 0, 0, 0, 0, 0, 1
29, 18, 38, 296, 31, 148, 0, 0, 0, 0, 0, 1
22, 23, 2, 51, 27, 27, 0, 0, 0, 0, 0, 1
12, 120, 167, 38, 451, 31, 68, 0, 0, 0, 0, 1
29, 13, 22, 38, 27, 27, 456, 0, 0, 0, 0, 1
22, 100, 2, 27, 27, 457, 31, 0, 0, 0, 0, 1
219, 100, 22, 29, 31, 31, 31, 0, 0, 0, 0, 1
29, 41, 38, 175, 0, 0, 0, 0, 0, 0, 0, 1
93, 23, 29, 2, 31, 0, 0, 0, 0, 0, 0, 1
22, 36, 2, 27, 27, 0, 0, 0, 0, 0, 0, 1
82, 26, 39, 39, 0, 0, 0, 0, 0, 0, 0, 1
29, 13, 31, 210, 16, 0, 0, 0, 0, 0, 0, 1
171, 107, 38, 296, 16, 0, 0, 0, 0, 0, 0, 1
22, 26, 31, 234, 16, 0, 0, 0, 0, 0, 0, 1
82, 23, 2, 31, 2, 29, 0, 0, 0, 0, 0, 1
29, 18, 2, 234, 51, 29, 0, 0, 0, 0, 0, 1
29, 112, 337, 27, 456, 72, 0, 0, 0, 0, 0, 1
82, 112, 39, 2, 31, 15, 16, 0, 0, 0, 0, 1
22, 198, 38, 31, 29, 0, 0, 0, 0, 0, 0, 1
59, 100, 72, 2, 29, 0, 0, 0, 0, 0, 0, 1
185, 112, 39, 2, 29, 0, 0, 0, 0, 0, 0, 1
93, 63, 38, 152, 30, 0, 0, 0, 0, 0, 0, 1
22, 93, 93, 2, 27, 0, 0, 0, 0, 0, 0, 1
29, 18, 38, 27, 111, 0, 0, 0, 0, 0, 0, 1
29, 112, 72, 50, 95, 0, 0, 0, 0, 0, 0, 1
93, 288, 2, 51, 16, 0, 0, 0, 0, 0, 0, 1
194, 112, 333, 2, 16, 0, 0, 0, 0, 0, 0, 1
29, 18, 39, 2, 148, 0, 0, 0, 0, 0, 0, 1
29, 18, 480, 195, 16, 0, 0, 0, 0, 0, 0, 1
194, 112, 38, 195, 16, 0, 0, 0, 0, 0, 0, 1
82, 120, 22, 481, 29, 0, 0, 0, 0, 0, 0, 1
22, 140, 27, 27, 0, 0, 0, 0, 0, 0, 0, 1
59, 102, 326, 27, 0, 0, 0, 0, 0, 0, 0, 1
22, 26, 39, 2, 482, 0, 0, 0, 0, 0, 0, 1
29, 26, 29, 31, 72, 0, 0, 0, 0, 0, 0, 1
25, 18, 50, 27, 38, 0, 0, 0, 0, 0, 0, 1
42, 23, 38, 143, 16, 0, 0, 0, 0, 0, 0, 1
42, 26, 310, 39, 0, 0, 0, 0, 0, 0, 0, 1
184, 100, 167, 51, 32, 0, 0, 0, 0, 0, 0, 1
29, 138, 483, 72, 72, 0, 0, 0, 0, 0, 0, 1
42, 351, 306, 484, 113, 0, 0, 0, 0, 0, 0, 1
42, 142, 22, 31, 29, 0, 0, 0, 0, 0, 0, 1
29, 38, 485, 31, 113, 0, 0, 0, 0, 0, 0, 1
29, 120, 217, 277, 113, 0, 0, 0, 0, 0, 0, 1
42, 13, 38, 169, 117, 0, 0, 0, 0, 0, 0, 1
82, 142, 2, 27, 456, 0, 0, 0, 0, 0, 0, 1
12, 23, 412, 2, 51, 253, 0, 0, 0, 0, 0, 1
25, 140, 72, 72, 122, 0, 0, 0, 0, 0, 0, 1
148, 29, 27, 27, 111, 0, 0, 0, 0, 0, 0, 1
22, 401, 38, 253, 16, 0, 0, 0, 0, 0, 0, 1
137, 23, 38, 312, 42, 0, 0, 0, 0, 0, 0, 1
29, 142, 490, 31, 16, 0, 0, 0, 0, 0, 0, 1
82, 26, 30, 491, 29, 0, 0, 0, 0, 0, 0, 1
82, 274, 2, 113, 29, 0, 0, 0, 0, 0, 0, 1
93, 18, 167, 476, 482, 0, 0, 0, 0, 0, 0, 1
29, 140, 145, 206, 31, 0, 0, 0, 0, 0, 0, 1
60, 198, 38, 27, 27, 0, 0, 0, 0, 0, 0, 1
42, 97, 38, 291, 2, 73, 0, 0, 0, 0, 0, 1
29, 13, 29, 485, 16, 0, 0, 0, 0, 0, 0, 1
73, 97, 38, 221, 31, 0, 0, 0, 0, 0, 0, 1
82, 23, 2, 234, 16, 0, 0, 0, 0, 0, 0, 1
42, 495, 2, 145, 38, 0, 0, 0, 0, 0, 0, 1
25, 90, 122, 122, 0, 0, 0, 0, 0, 0, 0, 1
496, 23, 145, 31, 31, 0, 0, 0, 0, 0, 0, 1
148, 497, 38, 16, 0, 0, 0, 0, 0, 0, 0, 1
82, 100, 38, 31, 31, 0, 0, 0, 0, 0, 0, 1
82, 26, 431, 72, 2, 29, 0, 0, 0, 0, 0, 1
29, 78, 50, 16, 29, 0, 0, 0, 0, 0, 0, 1
108, 97, 72, 38, 16, 0, 0, 0, 0, 0, 0, 1
29, 26, 38, 2, 39, 0, 0, 0, 0, 0, 0, 1
12, 140, 22, 505, 27, 0, 0, 0, 0, 0, 0, 1
29, 38, 455, 506, 16, 0, 0, 0, 0, 0, 0, 1
82, 18, 38, 55, 16, 0, 0, 0, 0, 0, 0, 1
59, 120, 162, 39, 2, 29, 0, 0, 0, 0, 0, 1
10, 107, 38, 406, 16, 0, 0, 0, 0, 0, 0, 1
93, 13, 145, 21, 0, 0, 0, 0, 0, 0, 0, 1
29, 100, 39, 39, 0, 0, 0, 0, 0, 0, 0, 1
29, 138, 22, 509, 134, 0, 0, 0, 0, 0, 0, 1
108, 13, 38, 16, 83, 38, 16, 0, 0, 0, 0, 1
22, 90, 167, 16, 16, 0, 0, 0, 0, 0, 0, 1
29, 140, 2, 27, 512, 0, 0, 0, 0, 0, 0, 1
42, 186, 324, 16, 2, 513, 0, 0, 0, 0, 0, 1
42, 26, 39, 39, 2, 82, 0, 0, 0, 0, 0, 1
22, 198, 145, 16, 16, 0, 0, 0, 0, 0, 0, 1
42, 517, 27, 518, 519, 0, 0, 0, 0, 0, 0, 1
29, 138, 2, 51, 16, 31, 0, 0, 0, 0, 0, 1
42, 13, 38, 16, 31, 0, 0, 0, 0, 0, 0, 1
29, 38, 485, 31, 31, 0, 0, 0, 0, 0, 0, 1
22, 100, 38, 527, 82, 0, 0, 0, 0, 0, 0, 1
29, 63, 424, 50, 16, 0, 0, 0, 0, 0, 0, 1
42, 26, 39, 39, 2, 82, 0, 0, 0, 0, 0, 1
29, 26, 38, 16, 2, 29, 0, 0, 0, 0, 0, 1
29, 112, 145, 536, 27, 27, 0, 0, 0, 0, 0, 1
477, 26, 2, 234, 234, 406, 0, 0, 0, 0, 0, 1
22, 26, 145, 16, 2, 113, 0, 0, 0, 0, 0, 1
22, 112, 38, 27, 2, 291, 0, 0, 0, 0, 0, 1
29, 23, 72, 122, 50, 29, 0, 0, 0, 0, 0, 1
29, 26, 72, 50, 16, 16, 0, 0, 0, 0, 0, 1
22, 97, 2, 31, 29, 72, 0, 0, 0, 0, 0, 1
42, 23, 337, 16, 2, 27, 0, 0, 0, 0, 0, 1
42, 23, 72, 72, 2, 29, 0, 0, 0, 0, 0, 1
22, 18, 38, 520, 2, 38, 0, 0, 0, 0, 0, 1
29, 63, 38, 27, 2, 38, 0, 0, 0, 0, 0, 1
22, 112, 72, 72, 2, 29, 0, 0, 0, 0, 0, 1
22, 62, 18, 38, 537, 16, 0, 0, 0, 0, 0, 1
22, 140, 38, 143, 124, 16, 0, 0, 0, 0, 0, 1
59, 142, 2, 182, 2, 21, 0, 0, 0, 0, 0, 1
82, 18, 38, 470, 2, 16, 0, 0, 0, 0, 0, 1
22, 23, 72, 122, 2, 25, 0, 0, 0, 0, 0, 1
185, 18, 300, 11, 50, 29, 0, 0, 0, 0, 0, 1
538, 26, 217, 68, 27, 539, 0, 0, 0, 0, 0, 1
22, 18, 29, 64, 72, 0, 0, 0, 0, 0, 0, 1
29, 41, 540, 27, 2, 12, 0, 0, 0, 0, 0, 1
42, 41, 39, 39, 2, 184, 0, 0, 0, 0, 0, 1
22, 26, 38, 31, 27, 111, 0, 0, 0, 0, 0, 1
22, 18, 38, 82, 72, 0, 0, 0, 0, 0, 0, 1
42, 62, 23, 14, 113, 2, 82, 0, 0, 0, 0, 1
29, 18, 546, 217, 39, 0, 0, 0, 0, 0, 0, 1
82, 18, 38, 16, 2, 148, 0, 0, 0, 0, 0, 1
29, 63, 38, 16, 16, 88, 73, 0, 0, 0, 0, 1
82, 23, 551, 339, 2, 29, 0, 0, 0, 0, 0, 1
468, 198, 53, 552, 83, 38, 16, 0, 0, 0, 0, 1
42, 102, 39, 39, 2, 73, 0, 0, 0, 0, 0, 1
148, 18, 168, 31, 31, 16, 0, 0, 0, 0, 0, 1
29, 138, 29, 2, 51, 29, 0, 0, 0, 0, 0, 1
148, 26, 38, 16, 2, 82, 0, 0, 0, 0, 0, 1
29, 18, 167, 31, 27, 554, 0, 0, 0, 0, 0, 1
22, 100, 37, 29, 2, 16, 0, 0, 0, 0, 0, 1
108, 23, 39, 2, 16, 0, 0, 0, 0, 0, 0, 1
29, 100, 38, 16, 31, 16, 0, 0, 0, 0, 0, 1
29, 100, 38, 408, 16, 16, 0, 0, 0, 0, 0, 1
115, 444, 2, 195, 29, 122, 0, 0, 0, 0, 0, 1
22, 112, 203, 16, 2, 29, 0, 0, 0, 0, 0, 1
42, 26, 72, 72, 2, 82, 0, 0, 0, 0, 0, 1
82, 97, 38, 16, 2, 29, 0, 0, 0, 0, 0, 1
29, 26, 39, 39, 50, 29, 0, 0, 0, 0, 0, 1
22, 100, 393, 72, 2, 29, 0, 0, 0, 0, 0, 1
29, 112, 38, 16, 16, 0, 0, 0, 0, 0, 0, 1
93, 288, 39, 2, 16, 16, 0, 0, 0, 0, 0, 1
59, 244, 490, 16, 2, 29, 0, 0, 0, 0, 0, 1
93, 18, 72, 2, 24, 0, 0, 0, 0, 0, 0, 1
93, 41, 2, 51, 29, 0, 0, 0, 0, 0, 0, 1
22, 140, 2, 51, 148, 0, 0, 0, 0, 0, 0, 1
93, 41, 2, 27, 27, 0, 0, 0, 0, 0, 0, 1
93, 38, 455, 16, 68, 0, 0, 0, 0, 0, 0, 1
93, 274, 38, 51, 16, 0, 0, 0, 0, 0, 0, 1
29, 140, 2, 51, 16, 0, 0, 0, 0, 0, 0, 1
42, 100, 2, 143, 16, 0, 0, 0, 0, 0, 0, 1
29, 23, 39, 50, 29, 0, 0, 0, 0, 0, 0, 1
29, 13, 72, 2, 38, 0, 0, 0, 0, 0, 0, 1
29, 102, 72, 72, 294, 0, 0, 0, 0, 0, 0, 1
93, 36, 582, 2, 29, 0, 0, 0, 0, 0, 0, 1
29, 23, 38, 583, 29, 0, 0, 0, 0, 0, 0, 1
29, 120, 38, 16, 16, 0, 0, 0, 0, 0, 0, 1
29, 120, 29, 2, 82, 0, 0, 0, 0, 0, 0, 1
29, 23, 38, 31, 29, 0, 0, 0, 0, 0, 0, 1
29, 63, 38, 246, 16, 0, 0, 0, 0, 0, 0, 1
29, 13, 39, 50, 29, 0, 0, 0, 0, 0, 0, 1
29, 467, 38, 16, 82, 0, 0, 0, 0, 0, 0, 1
93, 102, 39, 2, 29, 0, 0, 0, 0, 0, 0, 1
42, 269, 2, 16, 16, 0, 0, 0, 0, 0, 0, 1
29, 23, 38, 16, 29, 0, 0, 0, 0, 0, 0, 1
22, 36, 50, 73, 31, 0, 0, 0, 0, 0, 0, 1
148, 497, 589, 38, 16, 0, 0, 0, 0, 0, 0, 1
29, 78, 50, 54, 29, 0, 0, 0, 0, 0, 0, 1
0, 357, 39, 39, 0, 0, 0, 0, 0, 0, 0, 1
70, 10, 122, 0, 0, 0, 0, 0, 0, 0, 0, 1
70, 10, 63, 2, 75, 0, 0, 0, 0, 0, 0, 1
82, 23, 37, 16, 0, 0, 0, 0, 0, 0, 0, 1
42, 13, 38, 16, 0, 0, 0, 0, 0, 0, 0, 1
42, 591, 39, 205, 0, 0, 0, 0, 0, 0, 0, 1
22, 36, 2, 27, 0, 0, 0, 0, 0, 0, 0, 1
159, 112, 38, 177, 0, 0, 0, 0, 0, 0, 0, 1
29, 13, 27, 27, 0, 0, 0, 0, 0, 0, 0, 1
29, 269, 375, 39, 38, 0, 0, 0, 0, 0, 0, 1
25, 140, 152, 31, 16, 0, 0, 0, 0, 0, 0, 1
22, 90, 2, 16, 82, 0, 0, 0, 0, 0, 0, 1
82, 112, 592, 2, 16, 0, 0, 0, 0, 0, 0, 1
42, 120, 207, 16, 31, 0, 0, 0, 0, 0, 0, 1
42, 120, 22, 39, 0, 0, 0, 0, 0, 0, 0, 1
29, 142, 38, 16, 35, 0, 0, 0, 0, 0, 0, 1
29, 18, 593, 39, 29, 0, 0, 0, 0, 0, 0, 1
194, 18, 594, 2, 513, 0, 0, 0, 0, 0, 0, 1
42, 26, 228, 75, 16, 0, 0, 0, 0, 0, 0, 1
496, 97, 39, 53, 77, 0, 0, 0, 0, 0, 0, 1
82, 23, 595, 29, 29, 0, 0, 0, 0, 0, 0, 1
29, 13, 29, 29, 27, 0, 0, 0, 0, 0, 0, 1
460, 18, 483, 2, 29, 0, 0, 0, 0, 0, 0, 1
108, 38, 31, 29, 598, 0, 0, 0, 0, 0, 0, 1
599, 100, 167, 406, 600, 0, 0, 0, 0, 0, 0, 1
82, 1, 2, 113, 31, 16, 0, 0, 0, 0, 0, 1
22, 274, 37, 29, 2, 29, 0, 0, 0, 0, 0, 1
29, 41, 449, 16, 16, 450, 0, 0, 0, 0, 0, 1
22, 90, 72, 2, 255, 16, 0, 0, 0, 0, 0, 1
29, 63, 370, 281, 2, 29, 0, 0, 0, 0, 0, 1
22, 18, 396, 29, 61, 601, 0, 0, 0, 0, 0, 1
42, 109, 157, 72, 2, 602, 0, 0, 0, 0, 0, 1
42, 274, 39, 39, 2, 82, 0, 0, 0, 0, 0, 1
42, 78, 603, 31, 2, 27, 0, 0, 0, 0, 0, 1
29, 36, 2, 27, 608, 111, 0, 0, 0, 0, 0, 1
82, 26, 38, 16, 31, 95, 0, 0, 0, 0, 0, 1
60, 186, 38, 436, 31, 16, 0, 0, 0, 0, 0, 1
29, 63, 82, 22, 2, 29, 0, 0, 0, 0, 0, 1
612, 138, 37, 16, 31, 31, 0, 0, 0, 0, 0, 1
82, 18, 38, 31, 16, 29, 0, 0, 0, 0, 0, 1
42, 189, 613, 31, 31, 16, 0, 0, 0, 0, 0, 1
42, 18, 39, 39, 38, 614, 0, 0, 0, 0, 0, 1
185, 100, 145, 22, 16, 493, 0, 0, 0, 0, 0, 1
29, 97, 2, 51, 31, 615, 0, 0, 0, 0, 0, 1
29, 112, 50, 38, 31, 82, 0, 0, 0, 0, 0, 1
42, 186, 39, 39, 2, 82, 0, 0, 0, 0, 0, 1
22, 36, 2, 27, 2, 38, 0, 0, 0, 0, 0, 1
42, 109, 145, 38, 618, 16, 0, 0, 0, 0, 0, 1
159, 18, 38, 619, 31, 16, 0, 0, 0, 0, 0, 1
42, 41, 59, 620, 2, 38, 0, 0, 0, 0, 0, 1
29, 18, 50, 143, 24, 149, 0, 0, 0, 0, 0, 1
622, 198, 393, 72, 38, 29, 0, 0, 0, 0, 0, 1
159, 36, 72, 2, 234, 202, 0, 0, 0, 0, 0, 1
42, 186, 37, 513, 27, 134, 0, 0, 0, 0, 0, 1
391, 138, 167, 16, 16, 31, 0, 0, 0, 0, 0, 1
29, 112, 324, 38, 626, 588, 0, 0, 0, 0, 0, 1
29, 23, 72, 122, 50, 29, 0, 0, 0, 0, 0, 1
29, 18, 627, 54, 29, 29, 0, 0, 0, 0, 0, 1
42, 23, 22, 2, 51, 16, 0, 0, 0, 0, 0, 1
42, 23, 30, 422, 485, 406, 0, 0, 0, 0, 0, 1
42, 41, 122, 2, 234, 406, 0, 0, 0, 0, 0, 1
4, 5, 6, 7, 1, 8, 2, 9, 0, 0, 0, 4
5, 10, 8, 2, 11, 0, 0, 0, 0, 0, 0, 2
33, 16, 34, 2, 16, 35, 0, 0, 0, 0, 0, 2
4, 5, 6, 41, 39, 0, 0, 0, 0, 0, 0, 3
22, 42, 43, 38, 16, 0, 0, 0, 0, 0, 0, 2
46, 16, 47, 0, 0, 0, 0, 0, 0, 0, 0, 2
52, 53, 10, 0, 0, 0, 0, 0, 0, 0, 0, 3
17, 42, 18, 19, 20, 2, 21, 16, 0, 0, 0, 2
57, 10, 58, 0, 0, 0, 0, 0, 0, 0, 0, 2
59, 60, 2, 61, 0, 0, 0, 0, 0, 0, 0, 2
62, 63, 10, 64, 0, 0, 0, 0, 0, 0, 0, 3
67, 42, 47, 0, 0, 0, 0, 0, 0, 0, 0, 2
41, 10, 39, 31, 68, 0, 0, 0, 0, 0, 0, 2
56, 16, 62, 23, 72, 76, 0, 0, 0, 0, 0, 2
42, 42, 23, 31, 16, 0, 0, 0, 0, 0, 0, 2
22, 77, 16, 78, 2, 16, 16, 16, 0, 0, 0, 3
79, 80, 26, 2, 81, 82, 0, 0, 0, 0, 0, 2
5, 42, 17, 90, 2, 91, 0, 0, 0, 0, 0, 3
92, 93, 36, 39, 39, 0, 0, 0, 0, 0, 0, 2
38, 24, 90, 31, 16, 0, 0, 0, 0, 0, 0, 2
96, 93, 97, 98, 72, 0, 0, 0, 0, 0, 0, 2
92, 99, 100, 101, 39, 0, 0, 0, 0, 0, 0, 2
56, 16, 102, 2, 103, 72, 0, 0, 0, 0, 0, 2
22, 95, 16, 104, 105, 72, 0, 0, 0, 0, 0, 3
106, 16, 107, 39, 39, 0, 0, 0, 0, 0, 0, 2
22, 108, 16, 109, 110, 111, 0, 0, 0, 0, 0, 3
69, 20, 16, 112, 38, 75, 16, 0, 0, 0, 0, 3
22, 113, 16, 114, 31, 51, 113, 0, 0, 0, 0, 3
115, 42, 116, 22, 117, 0, 0, 0, 0, 0, 0, 2
59, 118, 74, 31, 75, 16, 0, 0, 0, 0, 0, 2
42, 42, 36, 2, 119, 61, 0, 0, 0, 0, 0, 2
42, 42, 120, 121, 122, 0, 0, 0, 0, 0, 0, 2
42, 42, 120, 53, 22, 123, 2, 124, 16, 125, 0, 2
22, 16, 16, 47, 2, 31, 61, 128, 0, 0, 0, 3
129, 42, 26, 72, 31, 75, 0, 0, 0, 0, 0, 2
12, 83, 22, 130, 38, 24, 111, 0, 0, 0, 0, 3
42, 42, 97, 31, 131, 16, 2, 16, 35, 0, 0, 2
93, 1, 133, 2, 134, 135, 0, 0, 0, 0, 0, 2
136, 137, 138, 31, 139, 2, 29, 0, 0, 0, 0, 2
42, 42, 140, 38, 27, 0, 0, 0, 0, 0, 0, 2
93, 93, 142, 2, 143, 16, 0, 0, 0, 0, 0, 2
42, 42, 142, 53, 16, 2, 29, 0, 0, 0, 0, 2
22, 146, 22, 147, 29, 0, 0, 0, 0, 0, 0, 2
22, 21, 41, 148, 2, 134, 149, 0, 0, 0, 0, 2
42, 42, 100, 152, 75, 153, 0, 0, 0, 0, 0, 2
22, 16, 16, 29, 0, 0, 0, 0, 0, 0, 0, 3
93, 99, 26, 39, 155, 31, 82, 0, 0, 0, 0, 2
42, 83, 42, 2, 51, 16, 0, 0, 0, 0, 0, 3
22, 158, 18, 159, 160, 39, 0, 0, 0, 0, 0, 2
42, 42, 13, 72, 72, 2, 29, 0, 0, 0, 0, 2
144, 42, 36, 162, 29, 39, 0, 0, 0, 0, 0, 2
124, 163, 112, 31, 16, 16, 0, 0, 0, 0, 0, 2
29, 83, 29, 2, 164, 165, 16, 0, 0, 0, 0, 3
42, 42, 13, 38, 16, 27, 111, 0, 0, 0, 0, 2
79, 42, 100, 166, 16, 31, 0, 0, 0, 0, 0, 2
106, 16, 23, 39, 38, 16, 31, 16, 0, 0, 0, 2
170, 93, 140, 27, 27, 38, 82, 0, 0, 0, 0, 2
171, 83, 29, 172, 173, 31, 16, 35, 0, 0, 0, 3
174, 42, 112, 27, 29, 0, 0, 0, 0, 0, 0, 2
42, 42, 90, 38, 175, 2, 73, 0, 0, 0, 0, 2
176, 16, 13, 38, 29, 177, 0, 0, 0, 0, 0, 2
56, 31, 180, 142, 38, 16, 2, 148, 0, 0, 0, 3
181, 42, 138, 152, 182, 2, 127, 0, 0, 0, 0, 2
183, 93, 18, 29, 184, 0, 0, 0, 0, 0, 0, 2
38, 16, 16, 41, 29, 31, 2, 82, 0, 0, 0, 3
38, 31, 63, 38, 27, 27, 0, 0, 0, 0, 0, 2
42, 42, 189, 38, 27, 27, 0, 0, 0, 0, 0, 2
190, 42, 26, 39, 191, 39, 0, 0, 0, 0, 0, 2
183, 192, 26, 38, 38, 193, 0, 0, 0, 0, 0, 2
42, 42, 23, 31, 31, 179, 29, 0, 0, 0, 0, 2
204, 31, 189, 31, 205, 0, 0, 0, 0, 0, 0, 2
42, 42, 13, 31, 209, 16, 0, 0, 0, 0, 0, 2
211, 212, 13, 2, 16, 2, 82, 0, 0, 0, 0, 2
213, 214, 138, 215, 39, 0, 0, 0, 0, 0, 0, 2
218, 219, 102, 31, 134, 149, 0, 0, 0, 0, 0, 2
181, 42, 26, 122, 122, 0, 0, 0, 0, 0, 0, 2
42, 42, 23, 38, 220, 16, 0, 0, 0, 0, 0, 2
42, 42, 41, 38, 31, 29, 0, 0, 0, 0, 0, 2
42, 42, 23, 29, 31, 51, 29, 0, 0, 0, 0, 2
79, 42, 120, 38, 221, 29, 0, 0, 0, 0, 0, 2
42, 42, 97, 222, 29, 0, 0, 0, 0, 0, 0, 2
223, 16, 16, 13, 2, 31, 16, 0, 0, 0, 0, 3
22, 182, 29, 31, 0, 0, 0, 0, 0, 0, 0, 2
42, 42, 22, 31, 16, 16, 0, 0, 0, 0, 0, 2
22, 16, 112, 38, 0, 0, 0, 0, 0, 0, 0, 2
56, 16, 138, 2, 234, 146, 0, 0, 0, 0, 0, 2
60, 42, 97, 22, 39, 2, 29, 0, 0, 0, 0, 2
218, 16, 100, 237, 238, 0, 0, 0, 0, 0, 0, 2
242, 243, 244, 39, 39, 0, 0, 0, 0, 0, 0, 2
56, 16, 107, 31, 146, 2, 16, 0, 0, 0, 0, 2
22, 16, 94, 248, 2, 29, 0, 0, 0, 0, 0, 2
42, 42, 142, 38, 16, 0, 0, 0, 0, 0, 0, 2
59, 22, 195, 16, 0, 0, 0, 0, 0, 0, 0, 2
22, 16, 1, 93, 0, 0, 0, 0, 0, 0, 0, 2
4, 5, 39, 247, 68, 0, 0, 0, 0, 0, 0, 3
42, 249, 18, 39, 39, 0, 0, 0, 0, 0, 0, 2
4, 5, 39, 39, 154, 0, 0, 0, 0, 0, 0, 4
22, 113, 38, 38, 31, 0, 0, 0, 0, 0, 0, 2
22, 16, 112, 39, 0, 0, 0, 0, 0, 0, 0, 2
46, 16, 2, 113, 0, 0, 0, 0, 0, 0, 0, 2
56, 16, 258, 0, 0, 0, 0, 0, 0, 0, 0, 2
261, 262, 97, 0, 0, 0, 0, 0, 0, 0, 0, 2
4, 5, 39, 93, 0, 0, 0, 0, 0, 0, 0, 3
22, 264, 265, 0, 0, 0, 0, 0, 0, 0, 0, 2
2, 16, 48, 49, 2, 16, 0, 0, 0, 0, 0, 2
29, 16, 186, 38, 16, 0, 0, 0, 0, 0, 0, 2
42, 67, 33, 2, 16, 0, 0, 0, 0, 0, 0, 2
2, 272, 273, 56, 27, 0, 0, 0, 0, 0, 0, 3
42, 42, 274, 275, 0, 0, 0, 0, 0, 0, 0, 2
56, 278, 279, 280, 2, 27, 134, 0, 0, 0, 0, 3
282, 283, 284, 2, 146, 0, 0, 0, 0, 0, 0, 2
287, 42, 90, 38, 29, 72, 0, 0, 0, 0, 0, 2
79, 42, 13, 38, 27, 289, 31, 0, 0, 0, 0, 2
42, 42, 47, 2, 246, 16, 0, 0, 0, 0, 0, 2
22, 16, 94, 248, 29, 29, 0, 0, 0, 0, 0, 2
106, 16, 23, 38, 31, 29, 0, 0, 0, 0, 0, 2
42, 42, 18, 38, 292, 293, 294, 0, 0, 0, 0, 2
42, 42, 90, 38, 246, 296, 29, 29, 0, 0, 0, 2
22, 277, 297, 23, 31, 16, 2, 29, 0, 0, 0, 3
79, 42, 26, 53, 16, 2, 126, 279, 0, 0, 0, 2
303, 304, 305, 291, 0, 0, 0, 0, 0, 0, 0, 2
42, 42, 306, 2, 146, 0, 0, 0, 0, 0, 0, 2
93, 93, 138, 38, 27, 50, 29, 0, 0, 0, 0, 2
174, 42, 100, 2, 308, 309, 38, 167, 31, 146, 16, 2
42, 42, 13, 2, 31, 134, 134, 0, 0, 0, 0, 2
313, 212, 314, 2, 315, 316, 0, 0, 0, 0, 0, 2
42, 42, 109, 145, 27, 2, 29, 0, 0, 0, 0, 2
319, 320, 321, 2, 16, 0, 0, 0, 0, 0, 0, 2
319, 64, 98, 322, 0, 0, 0, 0, 0, 0, 0, 3
42, 42, 306, 37, 0, 323, 2, 29, 0, 0, 0, 2
22, 16, 2, 29, 23, 300, 16, 0, 0, 0, 0, 4
42, 42, 62, 26, 324, 31, 291, 2, 29, 0, 0, 2
93, 99, 198, 29, 326, 16, 0, 0, 0, 0, 0, 2
327, 95, 16, 102, 2, 328, 16, 0, 0, 0, 0, 3
29, 83, 29, 271, 38, 16, 0, 0, 0, 0, 0, 3
22, 332, 16, 102, 333, 39, 0, 0, 0, 0, 0, 3
334, 93, 26, 335, 2, 29, 0, 0, 0, 0, 0, 2
42, 2, 38, 196, 31, 31, 27, 0, 0, 0, 0, 3
22, 16, 16, 94, 31, 234, 16, 0, 0, 0, 0, 3
93, 116, 26, 31, 285, 16, 2, 29, 0, 0, 0, 2
42, 42, 140, 2, 27, 2, 12, 0, 0, 0, 0, 2
5, 42, 42, 107, 72, 72, 0, 0, 0, 0, 0, 3
5, 341, 63, 0, 0, 0, 0, 0, 0, 0, 0, 2
5, 342, 112, 29, 16, 0, 0, 0, 0, 0, 0, 2
5, 343, 100, 344, 0, 0, 0, 0, 0, 0, 0, 2
42, 42, 305, 16, 0, 0, 0, 0, 0, 0, 0, 2
2, 29, 93, 93, 0, 0, 0, 0, 0, 0, 0, 2
2, 16, 16, 31, 31, 0, 0, 0, 0, 0, 0, 3
31, 16, 93, 0, 0, 0, 0, 0, 0, 0, 0, 2
31, 16, 93, 0, 0, 0, 0, 0, 0, 0, 0, 2
239, 2, 31, 16, 23, 39, 0, 0, 0, 0, 0, 4
22, 16, 16, 44, 0, 0, 0, 0, 0, 0, 0, 3
22, 85, 16, 93, 0, 0, 0, 0, 0, 0, 0, 3
56, 16, 2, 31, 16, 31, 0, 0, 0, 0, 0, 2
56, 16, 2, 347, 16, 0, 0, 0, 0, 0, 0, 2
59, 22, 31, 27, 0, 0, 0, 0, 0, 0, 0, 2
56, 16, 93, 93, 0, 0, 0, 0, 0, 0, 0, 2
56, 16, 93, 0, 0, 0, 0, 0, 0, 0, 0, 2
2, 16, 102, 22, 31, 0, 0, 0, 0, 0, 0, 2
2, 29, 93, 350, 0, 0, 0, 0, 0, 0, 0, 2
352, 16, 353, 0, 0, 0, 0, 0, 0, 0, 0, 2
4, 5, 39, 33, 27, 0, 0, 0, 0, 0, 0, 3
22, 16, 353, 0, 0, 0, 0, 0, 0, 0, 0, 2
70, 22, 16, 72, 0, 0, 0, 0, 0, 0, 0, 3
70, 176, 16, 72, 0, 0, 0, 0, 0, 0, 0, 3
70, 13, 2, 16, 0, 0, 0, 0, 0, 0, 0, 4
56, 16, 33, 2, 113, 0, 0, 0, 0, 0, 0, 2
33, 31, 366, 38, 27, 0, 0, 0, 0, 0, 0, 2
42, 42, 116, 2, 234, 367, 0, 0, 0, 0, 0, 2
4, 5, 39, 93, 83, 99, 0, 0, 0, 0, 0, 3
70, 42, 368, 64, 0, 0, 0, 0, 0, 0, 0, 3
358, 31, 2, 146, 0, 0, 0, 0, 0, 0, 0, 2
42, 42, 351, 120, 374, 39, 0, 0, 0, 0, 0, 2
70, 42, 42, 120, 72, 50, 16, 0, 0, 0, 0, 3
70, 42, 42, 142, 375, 0, 0, 0, 0, 0, 0, 3
70, 56, 16, 72, 0, 0, 0, 0, 0, 0, 0, 3
42, 376, 26, 39, 2, 29, 16, 0, 0, 0, 0, 2
70, 42, 60, 13, 207, 260, 0, 0, 0, 0, 0, 3
22, 85, 90, 2, 378, 0, 0, 0, 0, 0, 0, 2
70, 46, 31, 16, 29, 31, 0, 0, 0, 0, 0, 4
211, 42, 53, 38, 277, 16, 0, 0, 0, 0, 0, 2
22, 31, 264, 379, 29, 2, 16, 0, 0, 0, 0, 3
42, 42, 36, 384, 83, 39, 0, 0, 0, 0, 0, 2
42, 42, 138, 385, 39, 0, 0, 0, 0, 0, 0, 2
42, 42, 140, 38, 31, 197, 387, 0, 0, 0, 0, 2
42, 42, 140, 38, 27, 27, 0, 0, 0, 0, 0, 2
79, 42, 120, 38, 146, 2, 27, 27, 0, 0, 0, 2
388, 42, 244, 39, 39, 2, 318, 0, 0, 0, 0, 2
42, 42, 112, 324, 31, 82, 2, 131, 16, 0, 0, 2
70, 33, 16, 34, 72, 0, 0, 0, 0, 0, 0, 3
2, 75, 390, 93, 83, 391, 392, 0, 0, 0, 0, 2
42, 42, 26, 39, 83, 39, 0, 0, 0, 0, 0, 2
259, 16, 186, 39, 39, 0, 0, 0, 0, 0, 0, 2
70, 42, 42, 240, 394, 2, 16, 0, 0, 0, 0, 3
70, 42, 42, 109, 2, 16, 16, 0, 0, 0, 0, 3
70, 5, 10, 142, 389, 16, 72, 0, 0, 0, 0, 3
358, 100, 38, 144, 42, 0, 0, 0, 0, 0, 0, 3
42, 42, 142, 395, 2, 146, 0, 0, 0, 0, 0, 2
56, 16, 23, 53, 16, 0, 0, 0, 0, 0, 0, 2
42, 42, 23, 167, 16, 0, 0, 0, 0, 0, 0, 2
22, 113, 23, 375, 2, 29, 0, 0, 0, 0, 0, 2
396, 397, 16, 18, 38, 16, 0, 0, 0, 0, 0, 3
22, 85, 13, 39, 72, 0, 0, 0, 0, 0, 0, 2
93, 93, 63, 38, 0, 0, 0, 0, 0, 0, 0, 2
2, 16, 41, 22, 39, 0, 0, 0, 0, 0, 0, 2
22, 9, 29, 31, 0, 0, 0, 0, 0, 0, 0, 2
22, 31, 26, 38, 31, 0, 0, 0, 0, 0, 0, 2
2, 16, 256, 141, 16, 0, 0, 0, 0, 0, 0, 2
2, 16, 256, 38, 16, 0, 0, 0, 0, 0, 0, 2
2, 16, 256, 38, 82, 0, 0, 0, 0, 0, 0, 2
2, 16, 256, 38, 399, 0, 0, 0, 0, 0, 0, 2
22, 16, 100, 38, 0, 0, 0, 0, 0, 0, 0, 2
29, 16, 362, 72, 0, 0, 0, 0, 0, 0, 0, 2
70, 22, 326, 16, 0, 0, 0, 0, 0, 0, 0, 4
144, 22, 2, 291, 0, 0, 0, 0, 0, 0, 0, 2
2, 75, 93, 93, 0, 0, 0, 0, 0, 0, 0, 2
22, 95, 401, 72, 0, 0, 0, 0, 0, 0, 0, 2
56, 406, 57, 38, 0, 0, 0, 0, 0, 0, 0, 2
22, 16, 29, 407, 0, 0, 0, 0, 0, 0, 0, 2
52, 112, 204, 264, 0, 0, 0, 0, 0, 0, 0, 4
31, 24, 22, 0, 0, 0, 0, 0, 0, 0, 0, 2
70, 42, 83, 42, 266, 412, 0, 0, 0, 0, 0, 4
70, 22, 31, 72, 0, 0, 0, 0, 0, 0, 0, 3
56, 416, 35, 41, 2, 16, 0, 0, 0, 0, 0, 3
70, 106, 95, 120, 31, 417, 0, 0, 0, 0, 0, 3
418, 16, 112, 2, 119, 16, 0, 0, 0, 0, 0, 2
62, 107, 262, 60, 2, 182, 0, 0, 0, 0, 0, 4
22, 226, 16, 154, 0, 0, 0, 0, 0, 0, 0, 3
42, 83, 343, 266, 39, 0, 0, 0, 0, 0, 0, 3
419, 42, 23, 337, 16, 0, 0, 0, 0, 0, 0, 2
62, 423, 424, 42, 72, 72, 0, 0, 0, 0, 0, 4
204, 31, 426, 0, 0, 0, 0, 0, 0, 0, 0, 2
204, 31, 93, 0, 0, 0, 0, 0, 0, 0, 0, 2
22, 31, 120, 38, 2, 31, 0, 0, 0, 0, 0, 2
396, 31, 157, 0, 0, 0, 0, 0, 0, 0, 0, 2
327, 31, 281, 0, 0, 0, 0, 0, 0, 0, 0, 2
429, 31, 99, 0, 0, 0, 0, 0, 0, 0, 0, 2
106, 312, 257, 351, 142, 2, 113, 0, 0, 0, 0, 3
22, 31, 434, 93, 0, 0, 0, 0, 0, 0, 0, 2
439, 272, 31, 392, 0, 0, 0, 0, 0, 0, 0, 3
22, 31, 18, 38, 0, 0, 0, 0, 0, 0, 0, 2
201, 31, 442, 0, 0, 0, 0, 0, 0, 0, 0, 2
69, 31, 434, 0, 0, 0, 0, 0, 0, 0, 0, 2
22, 31, 22, 31, 0, 0, 0, 0, 0, 0, 0, 2
22, 31, 31, 49, 0, 0, 0, 0, 0, 0, 0, 3
22, 31, 2, 31, 0, 0, 0, 0, 0, 0, 0, 4
70, 22, 31, 72, 0, 0, 0, 0, 0, 0, 0, 3
22, 16, 196, 38, 0, 0, 0, 0, 0, 0, 0, 2
56, 31, 38, 0, 0, 0, 0, 0, 0, 0, 0, 2
56, 31, 38, 0, 0, 0, 0, 0, 0, 0, 0, 2
22, 31, 31, 50, 31, 0, 0, 0, 0, 0, 0, 3
223, 31, 31, 63, 145, 31, 0, 0, 0, 0, 0, 3
449, 31, 423, 38, 2, 38, 0, 0, 0, 0, 0, 2
22, 31, 26, 38, 38, 31, 0, 0, 0, 0, 0, 2
22, 27, 196, 50, 27, 450, 0, 0, 0, 0, 0, 2
449, 31, 29, 51, 31, 31, 0, 0, 0, 0, 0, 2
452, 31, 31, 26, 453, 38, 31, 0, 0, 0, 0, 3
22, 31, 41, 454, 455, 29, 31, 0, 0, 0, 0, 2
46, 16, 458, 22, 0, 0, 0, 0, 0, 0, 0, 3
22, 16, 41, 459, 0, 0, 0, 0, 0, 0, 0, 2
144, 460, 22, 38, 113, 0, 0, 0, 0, 0, 0, 2
29, 51, 31, 16, 49, 0, 0, 0, 0, 0, 0, 4
22, 296, 95, 461, 31, 0, 0, 0, 0, 0, 0, 3
22, 31, 16, 50, 16, 0, 0, 0, 0, 0, 0, 3
42, 42, 26, 38, 75, 0, 0, 0, 0, 0, 0, 2
201, 27, 22, 38, 31, 0, 0, 0, 0, 0, 0, 2
42, 42, 23, 39, 39, 0, 0, 0, 0, 0, 0, 2
183, 192, 29, 462, 31, 61, 0, 0, 0, 0, 0, 2
46, 31, 16, 13, 167, 12, 0, 0, 0, 0, 0, 3
106, 95, 31, 13, 29, 222, 0, 0, 0, 0, 0, 3
93, 93, 13, 2, 463, 16, 0, 0, 0, 0, 0, 2
42, 42, 41, 464, 2, 465, 0, 0, 0, 0, 0, 2
46, 31, 16, 13, 310, 39, 0, 0, 0, 0, 0, 3
22, 22, 2, 31, 466, 31, 0, 0, 0, 0, 0, 2
59, 42, 467, 2, 31, 16, 0, 0, 0, 0, 0, 2
22, 22, 26, 162, 2, 82, 0, 0, 0, 0, 0, 2
468, 42, 138, 2, 31, 175, 0, 0, 0, 0, 0, 2
22, 22, 269, 2, 55, 2, 21, 0, 0, 0, 0, 2
469, 406, 351, 26, 222, 72, 0, 0, 0, 0, 0, 2
471, 42, 13, 38, 27, 27, 0, 0, 0, 0, 0, 2
133, 93, 63, 38, 31, 16, 0, 0, 0, 0, 0, 2
42, 42, 100, 300, 472, 16, 0, 0, 0, 0, 0, 2
22, 253, 41, 72, 72, 2, 108, 0, 0, 0, 0, 2
469, 16, 16, 138, 217, 38, 40, 0, 0, 0, 0, 3
473, 16, 120, 6, 2, 73, 0, 0, 0, 0, 0, 2
144, 42, 26, 2, 31, 113, 0, 0, 0, 0, 0, 2
474, 31, 16, 26, 38, 31, 475, 0, 0, 0, 0, 3
22, 83, 22, 266, 39, 2, 117, 0, 0, 0, 0, 3
22, 42, 142, 207, 210, 16, 2, 29, 0, 0, 0, 2
42, 83, 17, 266, 39, 2, 117, 0, 0, 0, 0, 3
42, 42, 23, 2, 476, 113, 16, 0, 0, 0, 0, 2
46, 31, 16, 13, 22, 38, 27, 27, 456, 0, 0, 3
390, 93, 401, 50, 0, 0, 0, 0, 0, 0, 0, 2
22, 16, 36, 38, 29, 0, 0, 0, 0, 0, 0, 2
42, 42, 93, 83, 93, 0, 0, 0, 0, 0, 0, 2
478, 16, 186, 37, 29, 0, 0, 0, 0, 0, 0, 2
56, 127, 13, 53, 16, 0, 0, 0, 0, 0, 0, 2
479, 11, 97, 2, 29, 0, 0, 0, 0, 0, 0, 2
29, 16, 306, 2, 21, 0, 0, 0, 0, 0, 0, 2
69, 386, 90, 2, 38, 0, 0, 0, 0, 0, 0, 2
200, 16, 176, 277, 16, 0, 0, 0, 0, 0, 0, 2
29, 50, 113, 93, 93, 0, 0, 0, 0, 0, 0, 3
93, 93, 401, 389, 478, 16, 0, 0, 0, 0, 0, 2
22, 16, 62, 41, 0, 0, 0, 0, 0, 0, 0, 2
183, 93, 18, 38, 27, 0, 0, 0, 0, 0, 0, 2
42, 42, 13, 39, 72, 0, 0, 0, 0, 0, 0, 4
223, 134, 142, 300, 486, 0, 0, 0, 0, 0, 0, 2
487, 113, 138, 38, 16, 0, 0, 0, 0, 0, 0, 2
213, 27, 100, 50, 0, 0, 0, 0, 0, 0, 0, 2
22, 206, 18, 167, 16, 0, 0, 0, 0, 0, 0, 2
42, 42, 488, 2, 38, 0, 0, 0, 0, 0, 0, 2
449, 406, 142, 217, 9, 0, 0, 0, 0, 0, 0, 2
22, 253, 26, 38, 16, 0, 0, 0, 0, 0, 0, 2
42, 83, 42, 56, 489, 16, 0, 0, 0, 0, 0, 4
42, 42, 13, 228, 66, 0, 0, 0, 0, 0, 0, 2
22, 113, 26, 492, 38, 0, 0, 0, 0, 0, 0, 2
42, 42, 23, 203, 16, 0, 0, 0, 0, 0, 0, 2
93, 154, 36, 145, 31, 0, 0, 0, 0, 0, 0, 2
42, 42, 18, 38, 29, 0, 0, 0, 0, 0, 0, 2
327, 16, 493, 26, 82, 0, 0, 0, 0, 0, 0, 3
494, 42, 18, 6, 38, 0, 0, 0, 0, 0, 0, 2
93, 93, 138, 300, 29, 0, 0, 0, 0, 0, 0, 2
42, 498, 29, 217, 16, 0, 0, 0, 0, 0, 0, 2
499, 42, 140, 27, 111, 0, 0, 0, 0, 0, 0, 2
22, 16, 33, 188, 16, 0, 0, 0, 0, 0, 0, 2
42, 42, 33, 500, 16, 0, 0, 0, 0, 0, 0, 2
213, 501, 138, 502, 39, 0, 0, 0, 0, 0, 0, 2
494, 42, 112, 167, 503, 0, 0, 0, 0, 0, 0, 2
504, 42, 62, 18, 162, 0, 0, 0, 0, 0, 0, 2
93, 93, 26, 38, 29, 0, 0, 0, 0, 0, 0, 2
42, 42, 13, 27, 27, 0, 0, 0, 0, 0, 0, 2
22, 113, 351, 120, 270, 0, 0, 0, 0, 0, 0, 2
93, 93, 63, 38, 29, 0, 0, 0, 0, 0, 0, 2
170, 99, 112, 2, 31, 29, 0, 0, 0, 0, 0, 2
56, 16, 62, 23, 39, 0, 0, 0, 0, 0, 0, 2
22, 61, 2, 27, 111, 0, 0, 0, 0, 0, 0, 2
70, 106, 408, 72, 0, 0, 0, 0, 0, 0, 0, 3
42, 42, 13, 2, 148, 0, 0, 0, 0, 0, 0, 2
42, 42, 62, 120, 39, 0, 0, 0, 0, 0, 0, 2
62, 120, 42, 42, 39, 0, 0, 0, 0, 0, 0, 4
471, 42, 13, 29, 39, 0, 0, 0, 0, 0, 0, 2
449, 16, 62, 107, 2, 182, 0, 0, 0, 0, 0, 2
262, 507, 23, 38, 42, 0, 0, 0, 0, 0, 0, 2
106, 508, 351, 142, 39, 0, 0, 0, 0, 0, 0, 2
213, 16, 133, 1, 2, 148, 0, 0, 0, 0, 0, 2
115, 42, 401, 38, 27, 0, 0, 0, 0, 0, 0, 2
42, 42, 41, 37, 16, 0, 0, 0, 0, 0, 0, 2
60, 42, 13, 73, 39, 0, 0, 0, 0, 0, 0, 2
42, 42, 36, 38, 95, 0, 0, 0, 0, 0, 0, 2
42, 42, 26, 38, 29, 0, 0, 0, 0, 0, 0, 2
42, 42, 102, 145, 253, 0, 0, 0, 0, 0, 0, 2
42, 42, 189, 27, 27, 0, 0, 0, 0, 0, 0, 2
510, 42, 112, 2, 117, 16, 0, 0, 0, 0, 0, 2
22, 22, 2, 27, 27, 0, 0, 0, 0, 0, 0, 2
22, 83, 42, 511, 167, 16, 0, 0, 0, 0, 0, 3
181, 42, 138, 72, 72, 0, 0, 0, 0, 0, 0, 2
22, 75, 23, 310, 295, 0, 0, 0, 0, 0, 0, 2
59, 42, 198, 300, 12, 0, 0, 0, 0, 0, 0, 2
17, 42, 100, 39, 123, 0, 0, 0, 0, 0, 0, 2
17, 42, 112, 39, 39, 0, 0, 0, 0, 0, 0, 2
183, 93, 22, 38, 27, 0, 0, 0, 0, 0, 0, 2
22, 16, 189, 483, 72, 0, 0, 0, 0, 0, 0, 2
514, 42, 515, 389, 16, 0, 0, 0, 0, 0, 0, 2
10, 42, 57, 516, 39, 0, 0, 0, 0, 0, 0, 2
42, 460, 22, 29, 520, 0, 0, 0, 0, 0, 0, 2
521, 22, 29, 38, 12, 0, 0, 0, 0, 0, 0, 2
22, 16, 22, 522, 16, 0, 0, 0, 0, 0, 0, 2
22, 16, 2, 523, 2, 16, 0, 0, 0, 0, 0, 4
42, 498, 140, 230, 27, 0, 0, 0, 0, 0, 0, 2
181, 42, 26, 337, 524, 0, 0, 0, 0, 0, 0, 2
42, 42, 90, 38, 31, 0, 0, 0, 0, 0, 0, 2
525, 42, 142, 526, 39, 0, 0, 0, 0, 0, 0, 2
42, 42, 13, 528, 39, 0, 0, 0, 0, 0, 0, 2
42, 42, 90, 38, 206, 0, 0, 0, 0, 0, 0, 2
42, 42, 94, 529, 157, 0, 0, 0, 0, 0, 0, 2
42, 42, 100, 38, 16, 0, 0, 0, 0, 0, 0, 2
452, 16, 112, 39, 39, 0, 0, 0, 0, 0, 0, 2
22, 16, 107, 39, 39, 0, 0, 0, 0, 0, 0, 2
449, 406, 13, 39, 39, 0, 0, 0, 0, 0, 0, 2
42, 42, 142, 530, 16, 0, 0, 0, 0, 0, 0, 2
59, 42, 107, 167, 16, 0, 0, 0, 0, 0, 0, 2
42, 83, 402, 531, 38, 16, 0, 0, 0, 0, 0, 3
42, 42, 22, 207, 82, 0, 0, 0, 0, 0, 0, 2
42, 22, 2, 31, 82, 0, 0, 0, 0, 0, 0, 2
532, 22, 533, 39, 534, 0, 0, 0, 0, 0, 0, 2
60, 42, 41, 39, 39, 0, 0, 0, 0, 0, 0, 2
535, 27, 23, 38, 31, 27, 0, 0, 0, 0, 0, 2
22, 113, 112, 2, 232, 29, 0, 0, 0, 0, 0, 2
183, 93, 29, 462, 51, 29, 0, 0, 0, 0, 0, 2
22, 27, 26, 2, 31, 82, 0, 0, 0, 0, 0, 2
56, 16, 138, 2, 234, 113, 0, 0, 0, 0, 0, 2
176, 27, 31, 2, 16, 16, 0, 0, 0, 0, 0, 3
93, 93, 100, 22, 29, 29, 0, 0, 0, 0, 0, 2
49, 93, 41, 483, 72, 0, 0, 0, 0, 0, 0, 2
22, 16, 23, 22, 24, 2, 38, 0, 0, 0, 0, 2
22, 31, 16, 23, 53, 21, 0, 0, 0, 0, 0, 3
56, 31, 541, 120, 53, 16, 0, 0, 0, 0, 0, 3
22, 542, 26, 543, 2, 38, 0, 0, 0, 0, 0, 2
69, 16, 16, 112, 2, 134, 0, 0, 0, 0, 0, 3
22, 16, 61, 23, 544, 134, 0, 0, 0, 0, 0, 3
42, 42, 18, 2, 27, 27, 0, 0, 0, 0, 0, 2
183, 192, 100, 38, 226, 29, 0, 0, 0, 0, 0, 2
42, 42, 258, 2, 27, 27, 0, 0, 0, 0, 0, 2
545, 42, 112, 38, 260, 27, 0, 0, 0, 0, 0, 2
22, 16, 120, 29, 22, 27, 0, 0, 0, 0, 0, 2
22, 16, 23, 375, 2, 29, 0, 0, 0, 0, 0, 2
42, 42, 63, 39, 39, 39, 0, 0, 0, 0, 0, 2
239, 42, 23, 38, 312, 16, 0, 0, 0, 0, 0, 2
42, 42, 26, 2, 31, 12, 16, 0, 0, 0, 0, 2
548, 549, 26, 38, 16, 82, 0, 0, 0, 0, 0, 2
181, 42, 90, 39, 31, 182, 0, 0, 0, 0, 0, 2
391, 93, 138, 167, 550, 2, 148, 0, 0, 0, 0, 2
42, 42, 97, 38, 16, 29, 0, 0, 0, 0, 0, 2
29, 16, 109, 72, 50, 29, 0, 0, 0, 0, 0, 2
42, 553, 112, 39, 2, 27, 0, 0, 0, 0, 0, 2
449, 406, 13, 39, 2, 16, 0, 0, 0, 0, 0, 2
93, 93, 63, 38, 27, 2, 16, 0, 0, 0, 0, 2
477, 93, 26, 2, 131, 550, 0, 0, 0, 0, 0, 2
93, 93, 41, 145, 127, 2, 29, 0, 0, 0, 0, 2
42, 42, 90, 50, 3, 456, 0, 0, 0, 0, 0, 2
239, 42, 142, 39, 2, 38, 0, 0, 0, 0, 0, 2
555, 29, 18, 38, 16, 253, 0, 0, 0, 0, 0, 2
556, 42, 26, 2, 39, 2, 12, 0, 0, 0, 0, 2
557, 42, 26, 39, 2, 16, 0, 0, 0, 0, 0, 2
22, 16, 26, 2, 31, 520, 0, 0, 0, 0, 0, 2
93, 93, 198, 480, 51, 291, 0, 0, 0, 0, 0, 2
42, 42, 62, 100, 558, 0, 0, 0, 0, 0, 0, 2
59, 42, 94, 2, 559, 21, 0, 0, 0, 0, 0, 2
42, 560, 26, 389, 16, 0, 0, 0, 0, 0, 0, 2
59, 42, 142, 39, 2, 31, 75, 0, 0, 0, 0, 2
514, 42, 138, 217, 16, 16, 0, 0, 0, 0, 0, 2
42, 42, 23, 38, 16, 2, 29, 0, 0, 0, 0, 2
106, 16, 23, 38, 31, 29, 0, 0, 0, 0, 0, 2
59, 42, 41, 270, 2, 29, 0, 0, 0, 0, 0, 2
201, 296, 561, 102, 38, 16, 0, 0, 0, 0, 0, 3
562, 42, 41, 38, 16, 2, 29, 0, 0, 0, 0, 2
59, 42, 100, 29, 31, 182, 0, 0, 0, 0, 0, 2
59, 42, 467, 2, 31, 29, 0, 0, 0, 0, 0, 2
148, 83, 82, 531, 207, 27, 27, 0, 0, 0, 0, 3
56, 9, 26, 72, 72, 2, 82, 0, 0, 0, 0, 2
22, 24, 94, 53, 564, 16, 0, 0, 0, 0, 0, 2
449, 406, 23, 565, 2, 16, 16, 0, 0, 0, 0, 2
22, 127, 306, 2, 21, 2, 108, 0, 0, 0, 0, 2
183, 93, 29, 566, 567, 0, 0, 0, 0, 0, 0, 2
429, 206, 16, 22, 38, 568, 0, 0, 0, 0, 0, 3
29, 16, 112, 38, 16, 0, 0, 0, 0, 0, 0, 2
42, 42, 23, 431, 72, 2, 82, 0, 0, 0, 0, 2
42, 42, 13, 38, 16, 2, 29, 0, 0, 0, 0, 2
42, 42, 23, 22, 38, 72, 0, 0, 0, 0, 0, 2
93, 93, 26, 39, 39, 2, 29, 0, 0, 0, 0, 2
29, 55, 16, 23, 38, 82, 0, 0, 0, 0, 0, 3
449, 16, 120, 121, 72, 2, 29, 0, 0, 0, 0, 2
569, 570, 112, 39, 2, 571, 0, 0, 0, 0, 0, 2
429, 16, 186, 484, 31, 29, 0, 0, 0, 0, 0, 2
204, 16, 269, 2, 38, 0, 0, 0, 0, 0, 0, 2
452, 572, 16, 26, 72, 122, 0, 0, 0, 0, 0, 3
46, 16, 186, 203, 75, 91, 0, 0, 0, 0, 0, 2
305, 16, 100, 38, 31, 2, 29, 0, 0, 0, 0, 2
42, 42, 107, 38, 253, 16, 0, 0, 0, 0, 0, 2
42, 42, 63, 38, 16, 16, 0, 0, 0, 0, 0, 2
477, 93, 90, 490, 171, 16, 0, 0, 0, 0, 0, 2
22, 35, 196, 39, 38, 16, 0, 0, 0, 0, 0, 2
42, 42, 112, 53, 16, 2, 16, 0, 0, 0, 0, 2
449, 406, 16, 142, 38, 486, 16, 0, 0, 0, 0, 2
115, 42, 26, 38, 31, 16, 0, 0, 0, 0, 0, 2
42, 42, 26, 375, 2, 16, 0, 0, 0, 0, 0, 2
468, 42, 62, 140, 72, 72, 0, 0, 0, 0, 0, 2
42, 42, 23, 167, 31, 29, 0, 0, 0, 0, 0, 2
59, 42, 120, 38, 407, 2, 29, 0, 0, 0, 0, 2
22, 24, 27, 63, 39, 575, 0, 0, 0, 0, 0, 3
42, 42, 26, 333, 2, 234, 175, 61, 0, 0, 0, 2
42, 42, 13, 203, 16, 16, 0, 0, 0, 0, 0, 2
42, 42, 107, 31, 51, 31, 82, 0, 0, 0, 0, 2
59, 42, 23, 39, 2, 29, 0, 0, 0, 0, 0, 2
334, 93, 90, 72, 72, 0, 0, 0, 0, 0, 0, 2
532, 22, 306, 39, 2, 29, 0, 0, 0, 0, 0, 2
429, 206, 16, 23, 576, 39, 0, 0, 0, 0, 0, 2
429, 16, 120, 207, 16, 2, 16, 0, 0, 0, 0, 2
59, 42, 97, 577, 2, 31, 16, 0, 0, 0, 0, 2
22, 16, 23, 38, 169, 16, 0, 0, 0, 0, 0, 2
213, 117, 112, 38, 16, 22, 0, 0, 0, 0, 0, 2
42, 42, 63, 578, 39, 2, 29, 0, 0, 0, 0, 2
569, 16, 16, 112, 88, 31, 127, 0, 0, 0, 0, 3
69, 299, 16, 100, 39, 579, 0, 0, 0, 0, 0, 3
42, 42, 90, 580, 82, 29, 0, 0, 0, 0, 0, 2
22, 22, 23, 207, 296, 31, 0, 0, 0, 0, 0, 2
22, 31, 31, 18, 31, 24, 27, 0, 0, 0, 0, 3
426, 93, 62, 18, 2, 131, 113, 0, 0, 0, 0, 2
22, 16, 31, 142, 167, 31, 0, 0, 0, 0, 0, 3
22, 113, 18, 480, 29, 0, 0, 0, 0, 0, 0, 2
445, 27, 140, 2, 29, 0, 0, 0, 0, 0, 0, 2
93, 93, 581, 543, 72, 0, 0, 0, 0, 0, 0, 2
268, 192, 140, 2, 31, 16, 0, 0, 0, 0, 0, 2
29, 253, 29, 389, 27, 0, 0, 0, 0, 0, 0, 2
59, 42, 78, 2, 143, 29, 0, 0, 0, 0, 0, 2
22, 113, 26, 38, 113, 0, 0, 0, 0, 0, 0, 2
42, 42, 13, 29, 578, 0, 0, 0, 0, 0, 0, 2
22, 127, 90, 2, 38, 0, 0, 0, 0, 0, 0, 2
258, 99, 138, 584, 29, 0, 0, 0, 0, 0, 0, 2
449, 22, 41, 585, 586, 0, 0, 0, 0, 0, 0, 2
22, 16, 100, 2, 550, 0, 0, 0, 0, 0, 0, 2
587, 42, 138, 38, 29, 0, 0, 0, 0, 0, 0, 2
22, 400, 26, 229, 39, 0, 0, 0, 0, 0, 0, 2
46, 31, 120, 39, 39, 0, 0, 0, 0, 0, 0, 2
106, 296, 571, 581, 39, 0, 0, 0, 0, 0, 0, 3
42, 42, 100, 480, 588, 0, 0, 0, 0, 0, 0, 2
42, 42, 26, 484, 16, 0, 0, 0, 0, 0, 0, 2
29, 16, 22, 590, 82, 0, 0, 0, 0, 0, 0, 2
70, 10, 42, 63, 2, 75, 122, 0, 0, 0, 0, 3
70, 176, 16, 16, 63, 2, 143, 55, 122, 0, 0, 4
449, 406, 23, 38, 0, 0, 0, 0, 0, 0, 0, 2
42, 42, 13, 27, 356, 0, 0, 0, 0, 0, 0, 2
449, 406, 23, 38, 82, 0, 0, 0, 0, 0, 0, 2
42, 42, 22, 462, 459, 0, 0, 0, 0, 0, 0, 2
468, 42, 140, 167, 16, 0, 0, 0, 0, 0, 0, 2
204, 16, 186, 29, 253, 0, 0, 0, 0, 0, 0, 2
468, 596, 597, 39, 38, 0, 0, 0, 0, 0, 0, 2
201, 31, 16, 109, 38, 0, 0, 0, 0, 0, 0, 3
305, 29, 378, 97, 39, 0, 0, 0, 0, 0, 0, 3
468, 42, 26, 38, 29, 0, 0, 0, 0, 0, 0, 2
42, 42, 23, 39, 39, 0, 0, 0, 0, 0, 0, 2
29, 340, 198, 592, 2, 38, 0, 0, 0, 0, 0, 2
468, 42, 18, 577, 281, 29, 0, 0, 0, 0, 0, 2
604, 93, 100, 29, 16, 605, 0, 0, 0, 0, 0, 2
449, 406, 23, 22, 2, 606, 0, 0, 0, 0, 0, 2
22, 31, 607, 274, 2, 21, 0, 0, 0, 0, 0, 3
42, 22, 2, 602, 609, 29, 0, 0, 0, 0, 0, 2
42, 42, 18, 213, 29, 610, 0, 0, 0, 0, 0, 2
42, 42, 23, 38, 38, 506, 0, 0, 0, 0, 0, 2
429, 42, 109, 39, 145, 16, 0, 0, 0, 0, 0, 2
239, 42, 23, 2, 9, 373, 0, 0, 0, 0, 0, 2
449, 16, 120, 38, 16, 611, 0, 0, 0, 0, 0, 2
42, 42, 23, 42, 2, 182, 0, 0, 0, 0, 0, 2
42, 42, 23, 616, 617, 16, 0, 0, 0, 0, 0, 2
42, 42, 100, 29, 621, 29, 0, 0, 0, 0, 0, 2
22, 16, 16, 18, 167, 549, 0, 0, 0, 0, 0, 3
280, 93, 142, 162, 39, 38, 0, 0, 0, 0, 0, 2
42, 42, 23, 167, 406, 600, 0, 0, 0, 0, 0, 2
449, 16, 16, 142, 228, 16, 0, 0, 0, 0, 0, 3
22, 29, 16, 41, 38, 16, 0, 0, 0, 0, 0, 3
106, 16, 16, 107, 29, 29, 0, 0, 0, 0, 0, 3
469, 16, 26, 39, 39, 39, 0, 0, 0, 0, 0, 2
42, 42, 90, 72, 623, 2, 38, 0, 0, 0, 0, 2
22, 22, 38, 624, 31, 16, 0, 0, 0, 0, 0, 2
22, 22, 38, 624, 31, 16, 0, 0, 0, 0, 0, 2
108, 83, 29, 172, 300, 31, 625, 0, 0, 0, 0, 3
42, 42, 18, 29, 157, 2, 82, 0, 0, 0, 0, 2
449, 406, 23, 38, 0, 0, 0, 0, 0, 0, 0, 2
4, 5, 6, 41, 39, 0, 0, 0, 0, 0, 0, 3