5, 6, 6, 3, 7, 1, 0, 0, 0, 0, 0, 1
12, 13, 6, 12, 12, 12, 0, 0, 0, 0, 0, 1
33, 34, 13, 1, 3, 12, 13, 1, 0, 0, 0, 1
17, 2, 17, 3, 3, 42, 17, 0, 0, 0, 0, 1
33, 65, 66, 67, 13, 1, 3, 6, 0, 0, 0, 1
73, 13, 74, 3, 1, 13, 12, 0, 0, 0, 0, 1
33, 78, 12, 79, 17, 3, 80, 0, 0, 0, 0, 1
12, 87, 34, 12, 62, 88, 89, 44, 0, 0, 0, 1
90, 88, 13, 36, 17, 12, 0, 0, 0, 0, 0, 1
2, 85, 28, 91, 33, 3, 0, 0, 0, 0, 0, 1
17, 100, 101, 17, 49, 17, 21, 102, 0, 0, 0, 1
17, 5, 106, 107, 3, 0, 0, 0, 0, 0, 0, 1
17, 98, 13, 108, 1, 109, 17, 9, 17, 0, 0, 1
110, 2, 12, 1, 0, 0, 0, 0, 0, 0, 0, 1
2, 2, 13, 74, 111, 6, 0, 0, 0, 0, 0, 1
33, 12, 67, 115, 15, 44, 0, 0, 0, 0, 0, 1
33, 2, 21, 9, 52, 0, 0, 0, 0, 0, 0, 1
17, 130, 4, 3, 17, 0, 0, 0, 0, 0, 0, 1
33, 164, 44, 13, 27, 165, 166, 9, 1, 0, 0, 1
33, 167, 168, 149, 6, 3, 169, 0, 0, 0, 0, 1
17, 172, 44, 44, 173, 1, 1, 0, 0, 0, 0, 1
5, 12, 1, 13, 1, 1, 0, 0, 0, 0, 0, 1
180, 65, 21, 21, 181, 1, 0, 0, 0, 0, 0, 1
12, 29, 33, 192, 26, 21, 12, 165, 166, 0, 0, 1
124, 44, 3, 6, 84, 9, 193, 0, 0, 0, 0, 1
17, 53, 44, 210, 1, 9, 4, 109, 17, 0, 0, 1
33, 167, 21, 2, 13, 27, 166, 0, 0, 0, 0, 1
33, 215, 12, 10, 216, 3, 0, 0, 0, 0, 0, 1
17, 2, 33, 217, 218, 219, 218, 220, 0, 0, 0, 1
12, 0, 17, 33, 221, 12, 0, 0, 0, 0, 0, 1
33, 21, 45, 13, 66, 225, 1, 0, 0, 0, 0, 1
33, 227, 117, 15, 228, 229, 0, 0, 0, 0, 0, 1
2, 34, 72, 241, 2, 1, 242, 12, 0, 0, 0, 1
2, 164, 21, 13, 243, 6, 96, 17, 0, 0, 0, 1
4, 246, 1, 0, 0, 0, 0, 0, 0, 0, 0, 1
12, 71, 2, 254, 1, 1, 0, 0, 0, 0, 0, 1
193, 2, 13, 1, 4, 96, 17, 0, 0, 0, 0, 1
266, 164, 162, 1, 9, 17, 12, 6, 3, 0, 0, 1
33, 2, 44, 44, 96, 143, 0, 0, 0, 0, 0, 1
33, 2, 2, 64, 1, 268, 13, 1, 0, 0, 0, 1
19, 12, 42, 276, 3, 12, 0, 0, 0, 0, 0, 1
17, 116, 197, 171, 277, 0, 0, 0, 0, 0, 0, 1
249, 171, 12, 12, 13, 288, 17, 109, 17, 0, 0, 1
4, 22, 17, 109, 17, 290, 217, 44, 0, 0, 0, 1
2, 264, 9, 1, 3, 171, 17, 0, 0, 0, 0, 1
17, 264, 298, 12, 1, 299, 12, 0, 0, 0, 0, 1
17, 145, 12, 3, 6, 13, 3, 163, 0, 0, 0, 1
17, 164, 6, 9, 1, 1, 12, 163, 0, 0, 0, 1
12, 3, 3, 17, 303, 304, 13, 83, 0, 0, 0, 1
4, 3, 1, 1, 0, 0, 0, 0, 0, 0, 0, 1
258, 2, 33, 307, 3, 308, 3, 0, 0, 0, 0, 1
312, 33, 313, 314, 11, 21, 0, 0, 0, 0, 0, 1
2, 315, 21, 13, 3, 1, 316, 0, 0, 0, 0, 1
30, 326, 13, 42, 1, 13, 244, 12, 0, 0, 0, 1
335, 21, 336, 0, 0, 0, 0, 0, 0, 0, 0, 1
17, 172, 339, 340, 9, 1, 330, 109, 17, 0, 0, 1
46, 1, 9, 355, 126, 17, 1, 0, 0, 0, 0, 1
356, 172, 96, 1, 62, 87, 357, 17, 358, 0, 0, 1
360, 22, 12, 12, 3, 76, 1, 361, 0, 0, 0, 1
159, 6, 6, 2, 13, 59, 3, 0, 0, 0, 0, 1
17, 2, 33, 374, 13, 17, 209, 3, 375, 0, 0, 1
2, 12, 141, 330, 386, 235, 1, 0, 0, 0, 0, 1
2, 3, 12, 87, 6, 3, 17, 0, 0, 0, 0, 1
4, 370, 371, 163, 3, 393, 0, 0, 0, 0, 0, 1
17, 164, 61, 394, 13, 1, 9, 100, 17, 0, 0, 1
17, 164, 6, 6, 12, 17, 6, 0, 0, 0, 0, 1
407, 171, 17, 3, 13, 251, 17, 0, 0, 0, 0, 1
5, 37, 3, 351, 44, 13, 224, 17, 0, 0, 0, 1
258, 145, 31, 1, 3, 6, 0, 0, 0, 0, 0, 1
413, 26, 2, 6, 12, 17, 0, 0, 0, 0, 0, 1
124, 21, 21, 12, 6, 415, 3, 0, 0, 0, 0, 1
180, 363, 3, 3, 166, 0, 0, 0, 0, 0, 0, 1
17, 2, 419, 13, 1, 4, 3, 1, 0, 0, 0, 1
420, 292, 1, 13, 1, 1, 0, 0, 0, 0, 0, 1
33, 22, 363, 17, 1, 17, 96, 17, 0, 0, 0, 1
17, 337, 13, 394, 17, 17, 2, 12, 64, 0, 0, 1
2, 12, 23, 60, 422, 49, 70, 17, 0, 0, 0, 1
17, 164, 12, 235, 64, 13, 225, 0, 0, 0, 0, 1
5, 2, 267, 141, 257, 66, 64, 3, 0, 0, 0, 1
33, 12, 273, 3, 6, 17, 12, 0, 0, 0, 0, 1
427, 85, 195, 234, 12, 382, 2, 5, 0, 0, 0, 1
33, 26, 428, 429, 17, 17, 0, 0, 0, 0, 0, 1
2, 12, 1, 430, 421, 1, 0, 0, 0, 0, 0, 1
33, 431, 12, 1, 1, 0, 0, 0, 0, 0, 0, 1
33, 3, 432, 6, 6, 2, 52, 0, 0, 0, 0, 1
436, 12, 160, 437, 3, 438, 263, 0, 0, 0, 0, 1
12, 439, 21, 6, 6, 9, 17, 0, 0, 0, 0, 1
442, 342, 87, 12, 33, 0, 0, 0, 0, 0, 0, 1
17, 130, 5, 6, 451, 17, 45, 0, 0, 0, 0, 1
11, 439, 21, 149, 457, 17, 0, 0, 0, 0, 0, 1
2, 17, 2, 17, 17, 0, 0, 0, 0, 0, 0, 1
12, 34, 460, 12, 96, 111, 461, 17, 0, 0, 0, 1
33, 2, 241, 3, 17, 463, 464, 0, 0, 0, 0, 1
17, 87, 72, 3, 1, 17, 117, 15, 12, 0, 0, 1
33, 337, 35, 6, 267, 76, 1, 0, 0, 0, 0, 1
5, 3, 6, 6, 6, 162, 17, 6, 0, 0, 0, 1
470, 203, 0, 17, 471, 472, 4, 17, 0, 0, 0, 1
50, 5, 3, 1, 476, 6, 477, 0, 0, 0, 0, 1
12, 6, 3, 9, 12, 0, 0, 0, 0, 0, 0, 1
12, 12, 487, 12, 68, 6, 0, 0, 0, 0, 0, 1
284, 29, 363, 491, 211, 492, 0, 0, 0, 0, 0, 1
33, 65, 12, 3, 17, 107, 73, 12, 0, 0, 0, 1
87, 2, 289, 1, 12, 1, 1, 0, 0, 0, 0, 1
2, 3, 4, 494, 17, 0, 0, 0, 0, 0, 0, 1
17, 3, 67, 497, 12, 3, 0, 0, 0, 0, 0, 1
17, 171, 4, 13, 59, 3, 1, 0, 0, 0, 0, 1
83, 264, 12, 249, 12, 3, 1, 0, 0, 0, 0, 1
4, 54, 21, 12, 165, 166, 87, 503, 0, 0, 0, 1
232, 391, 9, 66, 506, 17, 0, 0, 0, 0, 0, 1
4, 53, 44, 268, 44, 460, 10, 0, 0, 0, 0, 1
17, 509, 510, 2, 12, 1, 0, 0, 0, 0, 0, 1
2, 295, 115, 68, 6, 3, 0, 0, 0, 0, 0, 1
413, 457, 12, 115, 217, 3, 13, 17, 0, 0, 0, 1
17, 53, 523, 13, 524, 0, 0, 0, 0, 0, 0, 1
2, 6, 6, 12, 23, 1, 525, 526, 0, 0, 0, 1
17, 17, 21, 376, 3, 13, 42, 6, 0, 0, 0, 1
33, 13, 421, 6, 6, 299, 12, 0, 0, 0, 0, 1
413, 457, 12, 264, 267, 38, 535, 12, 0, 0, 0, 1
17, 37, 13, 211, 1, 538, 0, 0, 0, 0, 0, 1
17, 26, 3, 17, 540, 13, 541, 3, 0, 0, 0, 1
4, 12, 211, 13, 12, 542, 318, 1, 0, 0, 0, 1
17, 264, 3, 3, 251, 1, 0, 0, 0, 0, 0, 1
2, 12, 1, 1, 6, 0, 0, 0, 0, 0, 0, 1
284, 337, 44, 549, 69, 13, 1, 0, 0, 0, 0, 1
2, 12, 61, 6, 558, 267, 166, 0, 0, 0, 0, 1
17, 71, 6, 98, 480, 12, 0, 0, 0, 0, 0, 1
561, 562, 563, 1, 3, 564, 12, 0, 0, 0, 0, 1
2, 363, 12, 3, 44, 44, 0, 0, 0, 0, 0, 1
17, 370, 339, 12, 163, 0, 0, 0, 0, 0, 0, 1
17, 53, 17, 537, 17, 537, 386, 13, 329, 1, 0, 1
33, 13, 560, 578, 0, 0, 0, 0, 0, 0, 0, 1
437, 9, 1, 580, 42, 17, 0, 0, 0, 0, 0, 1
197, 172, 491, 206, 3, 3, 0, 0, 0, 0, 0, 1
2, 164, 2, 6, 6, 313, 0, 0, 0, 0, 0, 1
17, 172, 13, 36, 1, 309, 1, 0, 0, 0, 0, 1
17, 172, 12, 21, 9, 100, 17, 0, 0, 0, 0, 1
33, 172, 593, 101, 12, 85, 268, 12, 0, 0, 0, 1
17, 2, 55, 6, 13, 6, 597, 12, 0, 0, 0, 1
17, 115, 52, 3, 5, 0, 0, 0, 0, 0, 0, 1
17, 53, 122, 415, 3, 604, 0, 0, 0, 0, 0, 1
124, 26, 2, 1, 1, 96, 3, 0, 0, 0, 0, 1
193, 607, 3, 1, 1, 0, 0, 0, 0, 0, 0, 1
17, 164, 12, 6, 533, 491, 610, 0, 0, 0, 0, 1
33, 2, 13, 520, 6, 6, 6, 0, 0, 0, 0, 1
4, 164, 13, 3, 6, 96, 17, 0, 0, 0, 0, 1
17, 45, 172, 72, 7, 17, 12, 0, 0, 0, 0, 1
33, 12, 64, 117, 3, 64, 9, 165, 166, 0, 0, 1
17, 337, 17, 9, 6, 608, 618, 0, 0, 0, 0, 1
2, 22, 17, 621, 13, 1, 1, 0, 0, 0, 0, 1
622, 167, 6, 6, 6, 12, 0, 0, 0, 0, 0, 1
17, 98, 115, 68, 52, 299, 12, 0, 0, 0, 0, 1
12, 171, 3, 1, 0, 0, 0, 0, 0, 0, 0, 1
458, 29, 605, 17, 214, 1, 1, 0, 0, 0, 0, 1
249, 145, 12, 6, 3, 1, 12, 1, 0, 0, 0, 1
17, 2, 13, 6, 629, 17, 0, 0, 0, 0, 0, 1
17, 2, 44, 44, 44, 162, 1, 0, 0, 0, 0, 1
2, 22, 17, 17, 13, 1, 516, 0, 0, 0, 0, 1
2, 1, 6, 199, 6, 391, 0, 0, 0, 0, 0, 1
33, 634, 2, 4, 0, 0, 0, 0, 0, 0, 0, 1
33, 128, 3, 12, 1, 89, 0, 0, 0, 0, 0, 1
2, 98, 13, 4, 13, 42, 17, 12, 0, 0, 0, 1
17, 145, 646, 13, 176, 12, 3, 0, 0, 0, 0, 1
2, 264, 12, 141, 6, 6, 1, 0, 0, 0, 0, 1
2, 378, 3, 13, 244, 1, 12, 0, 0, 0, 0, 1
2, 2, 13, 1, 463, 400, 17, 0, 0, 0, 0, 1
33, 649, 12, 12, 244, 163, 0, 0, 0, 0, 0, 1
33, 373, 21, 21, 214, 503, 12, 0, 0, 0, 0, 1
264, 33, 33, 9, 100, 17, 0, 0, 0, 0, 0, 1
651, 71, 13, 76, 13, 260, 1, 0, 0, 0, 0, 1
458, 37, 419, 44, 45, 12, 154, 6, 3, 0, 0, 1
17, 203, 2, 17, 17, 654, 375, 0, 0, 0, 0, 1
2, 2, 447, 6, 9, 36, 3, 0, 0, 0, 0, 1
436, 98, 9, 17, 1, 666, 667, 1, 0, 0, 0, 1
12, 172, 61, 1, 12, 172, 21, 12, 0, 0, 0, 1
17, 172, 12, 3, 13, 1, 6, 0, 0, 0, 0, 1
266, 29, 12, 522, 1, 0, 0, 0, 0, 0, 0, 1
33, 13, 4, 97, 1, 3, 0, 0, 0, 0, 0, 1
33, 13, 83, 9, 3, 1, 209, 166, 0, 0, 0, 1
259, 12, 21, 33, 2, 3, 265, 0, 0, 0, 0, 1
17, 264, 44, 115, 13, 679, 0, 0, 0, 0, 0, 1
455, 128, 21, 13, 3, 1, 13, 1, 0, 0, 0, 1
4, 53, 117, 44, 267, 265, 687, 0, 0, 0, 0, 1
33, 2, 13, 154, 506, 1, 17, 537, 17, 537, 693, 1
266, 29, 185, 229, 1, 0, 0, 0, 0, 0, 0, 1
17, 26, 17, 13, 176, 23, 83, 3, 0, 0, 0, 1
12, 374, 555, 1, 49, 42, 17, 0, 0, 0, 0, 1
33, 17, 6, 308, 6, 0, 0, 0, 0, 0, 0, 1
33, 264, 13, 59, 17, 329, 700, 13, 72, 0, 0, 1
2, 44, 328, 13, 17, 3, 1, 0, 0, 0, 0, 1
17, 171, 12, 701, 335, 149, 3, 17, 0, 0, 0, 1
2, 1, 1, 619, 0, 0, 0, 0, 0, 0, 0, 1
12, 439, 21, 133, 6, 13, 17, 0, 0, 0, 0, 1
33, 9, 3, 143, 17, 12, 0, 0, 0, 0, 0, 1
33, 12, 570, 279, 33, 0, 0, 0, 0, 0, 0, 1
2, 2, 709, 13, 143, 0, 0, 0, 0, 0, 0, 1
239, 13, 3, 83, 650, 3, 1, 0, 0, 0, 0, 1
33, 185, 1, 3, 45, 61, 166, 0, 0, 0, 0, 1
17, 164, 714, 244, 17, 17, 2, 65, 2, 0, 0, 1
12, 37, 12, 17, 391, 13, 7, 1, 0, 0, 0, 1
17, 37, 13, 1, 3, 265, 3, 64, 0, 0, 0, 1
33, 172, 717, 25, 1, 12, 3, 3, 0, 0, 0, 1
268, 719, 9, 296, 1, 12, 0, 0, 0, 0, 0, 1
385, 289, 1, 161, 720, 0, 0, 0, 0, 0, 0, 1
475, 172, 12, 160, 68, 44, 44, 3, 467, 0, 0, 1
4, 65, 115, 6, 3, 6, 0, 0, 0, 0, 0, 1
2, 167, 12, 6, 6, 69, 0, 0, 0, 0, 0, 1
335, 607, 86, 1, 209, 417, 1, 0, 0, 0, 0, 1
33, 22, 6, 6, 84, 0, 0, 0, 0, 0, 0, 1
2, 215, 12, 734, 13, 1, 0, 0, 0, 0, 0, 1
12, 12, 1, 53, 666, 23, 193, 0, 0, 0, 0, 1
171, 17, 13, 1, 0, 0, 0, 0, 0, 0, 0, 1
432, 6, 29, 33, 33, 219, 602, 67, 0, 0, 0, 1
465, 742, 1, 44, 44, 0, 0, 0, 0, 0, 0, 1
33, 29, 12, 532, 4, 3, 0, 0, 0, 0, 0, 1
33, 96, 524, 5, 106, 5, 0, 0, 0, 0, 0, 1
82, 29, 13, 457, 1, 9, 33, 0, 0, 0, 0, 1
2, 98, 115, 472, 1, 0, 0, 0, 0, 0, 0, 1
4, 685, 229, 44, 3, 13, 748, 1, 0, 0, 0, 1
2, 2, 273, 665, 1, 0, 0, 0, 0, 0, 0, 1
17, 164, 44, 3, 3, 752, 0, 0, 0, 0, 0, 1
266, 2, 17, 149, 536, 690, 3, 0, 0, 0, 0, 1
0, 1, 2, 3, 0, 0, 0, 0, 0, 0, 0, 1
10, 1, 0, 0, 0, 0, 0, 0, 0, 0, 0, 1
12, 13, 14, 15, 16, 0, 0, 0, 0, 0, 0, 1
17, 18, 19, 20, 2, 21, 16, 0, 0, 0, 0, 1
22, 23, 22, 2, 24, 0, 0, 0, 0, 0, 0, 1
25, 26, 27, 27, 28, 0, 0, 0, 0, 0, 0, 1
29, 18, 30, 31, 32, 0, 0, 0, 0, 0, 0, 1
29, 36, 37, 38, 39, 40, 0, 0, 0, 0, 0, 1
22, 44, 2, 45, 0, 0, 0, 0, 0, 0, 0, 1
5, 48, 49, 0, 0, 0, 0, 0, 0, 0, 0, 1
10, 13, 50, 51, 31, 0, 0, 0, 0, 0, 0, 1
5, 22, 31, 54, 55, 0, 0, 0, 0, 0, 0, 1
22, 56, 16, 0, 0, 0, 0, 0, 0, 0, 0, 1
42, 29, 16, 0, 0, 0, 0, 0, 0, 0, 0, 1
42, 65, 2, 66, 0, 0, 0, 0, 0, 0, 0, 1
42, 23, 39, 0, 0, 0, 0, 0, 0, 0, 0, 1
5, 69, 16, 0, 0, 0, 0, 0, 0, 0, 0, 1
70, 71, 72, 0, 0, 0, 0, 0, 0, 0, 0, 1
73, 74, 31, 75, 16, 0, 0, 0, 0, 0, 0, 1
42, 62, 13, 38, 16, 0, 0, 0, 0, 0, 0, 1
25, 36, 29, 2, 27, 27, 0, 0, 0, 0, 0, 1
0, 86, 87, 88, 89, 0, 0, 0, 0, 0, 0, 1
70, 42, 64, 83, 64, 0, 0, 0, 0, 0, 0, 1
42, 26, 38, 16, 16, 0, 0, 0, 0, 0, 0, 1
42, 94, 39, 40, 31, 95, 0, 0, 0, 0, 0, 1
82, 112, 31, 126, 127, 31, 0, 0, 0, 0, 0, 1
0, 132, 63, 2, 3, 0, 0, 0, 0, 0, 0, 1
29, 18, 141, 27, 31, 16, 0, 0, 0, 0, 0, 1
42, 26, 39, 2, 51, 16, 0, 0, 0, 0, 0, 1
29, 18, 38, 131, 82, 0, 0, 0, 0, 0, 0, 1
144, 26, 145, 16, 0, 0, 0, 0, 0, 0, 0, 1
150, 100, 38, 27, 31, 29, 0, 0, 0, 0, 0, 1
22, 109, 81, 31, 31, 151, 0, 0, 0, 0, 0, 1
29, 23, 38, 38, 31, 31, 16, 0, 0, 0, 0, 1
29, 26, 31, 38, 29, 0, 0, 0, 0, 0, 0, 1
29, 154, 2, 16, 0, 0, 0, 0, 0, 0, 0, 1
29, 26, 156, 31, 148, 31, 16, 0, 0, 0, 0, 1
29, 100, 72, 157, 31, 51, 16, 0, 0, 0, 0, 1
29, 26, 73, 38, 39, 161, 0, 0, 0, 0, 0, 1
29, 112, 167, 29, 31, 29, 0, 0, 0, 0, 0, 1
148, 18, 168, 169, 31, 16, 0, 0, 0, 0, 0, 1
29, 18, 2, 31, 16, 16, 0, 0, 0, 0, 0, 1
29, 90, 2, 169, 29, 31, 16, 0, 0, 0, 0, 1
22, 26, 14, 38, 178, 0, 0, 0, 0, 0, 0, 1
22, 23, 31, 51, 16, 0, 0, 0, 0, 0, 0, 1
42, 78, 31, 179, 29, 0, 0, 0, 0, 0, 0, 1
29, 18, 121, 72, 72, 0, 0, 0, 0, 0, 0, 1
185, 38, 38, 29, 0, 0, 0, 0, 0, 0, 0, 1
42, 120, 31, 29, 0, 0, 0, 0, 0, 0, 0, 1
22, 186, 162, 38, 146, 0, 0, 0, 0, 0, 0, 1
187, 18, 38, 188, 16, 0, 0, 0, 0, 0, 0, 1
159, 36, 29, 29, 31, 0, 0, 0, 0, 0, 0, 1
194, 112, 38, 195, 16, 0, 0, 0, 0, 0, 0, 1
93, 196, 145, 27, 27, 0, 0, 0, 0, 0, 0, 1
29, 26, 31, 51, 197, 27, 27, 111, 0, 0, 0, 1
29, 198, 72, 72, 38, 16, 0, 0, 0, 0, 0, 1
199, 102, 200, 195, 82, 39, 0, 0, 0, 0, 0, 1
201, 43, 38, 31, 202, 2, 29, 0, 0, 0, 0, 1
174, 100, 38, 203, 16, 16, 0, 0, 0, 0, 0, 1
29, 23, 38, 29, 29, 82, 0, 0, 0, 0, 0, 1
187, 90, 29, 31, 206, 2, 16, 0, 0, 0, 0, 1
29, 18, 207, 117, 208, 0, 0, 0, 0, 0, 0, 1
29, 90, 72, 31, 210, 16, 0, 0, 0, 0, 0, 1
82, 78, 216, 217, 16, 0, 0, 0, 0, 0, 0, 1
82, 13, 39, 123, 39, 0, 0, 0, 0, 0, 0, 1
29, 100, 31, 16, 0, 0, 0, 0, 0, 0, 0, 1
29, 138, 29, 2, 51, 29, 0, 0, 0, 0, 0, 1
29, 26, 31, 16, 2, 16, 35, 0, 0, 0, 0, 1
29, 138, 2, 224, 31, 27, 29, 0, 0, 0, 0, 1
171, 120, 31, 225, 29, 0, 0, 0, 0, 0, 0, 1
82, 140, 2, 31, 31, 16, 29, 0, 0, 0, 0, 1
29, 90, 38, 226, 27, 27, 0, 0, 0, 0, 0, 1
29, 63, 29, 227, 228, 16, 0, 0, 0, 0, 0, 1
29, 97, 229, 39, 31, 82, 0, 0, 0, 0, 0, 1
29, 140, 39, 38, 27, 111, 0, 0, 0, 0, 0, 1
42, 26, 39, 39, 2, 82, 0, 0, 0, 0, 0, 1
29, 26, 29, 2, 51, 29, 0, 0, 0, 0, 0, 1
171, 23, 31, 230, 38, 231, 137, 0, 0, 0, 0, 1
29, 107, 31, 210, 73, 0, 0, 0, 0, 0, 0, 1
29, 18, 167, 31, 16, 2, 16, 35, 0, 0, 0, 1
29, 120, 232, 233, 0, 0, 0, 0, 0, 0, 0, 1
29, 112, 207, 29, 0, 0, 0, 0, 0, 0, 0, 1
42, 26, 29, 137, 0, 0, 0, 0, 0, 0, 0, 1
29, 112, 235, 2, 31, 16, 0, 0, 0, 0, 0, 1
29, 100, 29, 31, 147, 38, 27, 0, 0, 0, 0, 1
82, 142, 39, 2, 27, 236, 0, 0, 0, 0, 0, 1
239, 240, 29, 2, 131, 16, 241, 0, 0, 0, 0, 1
22, 138, 39, 39, 2, 31, 0, 0, 0, 0, 0, 1
42, 140, 39, 39, 2, 16, 0, 0, 0, 0, 0, 1
29, 245, 31, 31, 0, 0, 0, 0, 0, 0, 0, 1
29, 26, 2, 246, 16, 31, 16, 0, 0, 0, 0, 1
82, 100, 31, 29, 2, 119, 38, 0, 0, 0, 0, 1
29, 23, 27, 111, 2, 148, 0, 0, 0, 0, 0, 1
70, 42, 142, 72, 122, 0, 0, 0, 0, 0, 0, 1
42, 26, 29, 95, 0, 0, 0, 0, 0, 0, 0, 1
29, 112, 228, 16, 29, 16, 0, 0, 0, 0, 0, 1
42, 2, 16, 16, 0, 0, 0, 0, 0, 0, 0, 1
250, 2, 188, 95, 0, 0, 0, 0, 0, 0, 0, 1
22, 251, 16, 0, 0, 0, 0, 0, 0, 0, 0, 1
42, 252, 2, 31, 253, 0, 0, 0, 0, 0, 0, 1
0, 254, 2, 141, 0, 0, 0, 0, 0, 0, 0, 1
5, 2, 31, 255, 0, 0, 0, 0, 0, 0, 0, 1
0, 256, 2, 38, 0, 0, 0, 0, 0, 0, 0, 1
22, 2, 31, 16, 0, 0, 0, 0, 0, 0, 0, 1
22, 13, 2, 113, 0, 0, 0, 0, 0, 0, 0, 1
129, 22, 257, 0, 0, 0, 0, 0, 0, 0, 0, 1
70, 60, 72, 0, 0, 0, 0, 0, 0, 0, 0, 1
22, 259, 21, 0, 0, 0, 0, 0, 0, 0, 0, 1
5, 223, 260, 0, 0, 0, 0, 0, 0, 0, 0, 1
22, 93, 1, 0, 0, 0, 0, 0, 0, 0, 0, 1
22, 93, 1, 0, 0, 0, 0, 0, 0, 0, 0, 1
22, 263, 2, 21, 0, 0, 0, 0, 0, 0, 0, 1
42, 266, 38, 0, 0, 0, 0, 0, 0, 0, 0, 1
5, 93, 93, 0, 0, 0, 0, 0, 0, 0, 0, 1
267, 1, 31, 188, 117, 0, 0, 0, 0, 0, 0, 1
42, 196, 2, 264, 0, 0, 0, 0, 0, 0, 0, 1
49, 22, 16, 0, 0, 0, 0, 0, 0, 0, 0, 1
42, 268, 268, 0, 0, 0, 0, 0, 0, 0, 0, 1
42, 268, 49, 0, 0, 0, 0, 0, 0, 0, 0, 1
42, 269, 2, 16, 0, 0, 0, 0, 0, 0, 0, 1
67, 120, 270, 2, 16, 0, 0, 0, 0, 0, 0, 1
42, 271, 2, 31, 264, 0, 0, 0, 0, 0, 0, 1
42, 63, 39, 0, 0, 0, 0, 0, 0, 0, 0, 1
70, 42, 72, 0, 0, 0, 0, 0, 0, 0, 0, 1
70, 10, 72, 0, 0, 0, 0, 0, 0, 0, 0, 1
70, 49, 72, 0, 0, 0, 0, 0, 0, 0, 0, 1
70, 67, 72, 0, 0, 0, 0, 0, 0, 0, 0, 1
70, 42, 72, 0, 0, 0, 0, 0, 0, 0, 0, 1
276, 29, 277, 16, 0, 0, 0, 0, 0, 0, 0, 1
93, 41, 2, 146, 0, 0, 0, 0, 0, 0, 0, 1
42, 240, 72, 281, 0, 0, 0, 0, 0, 0, 0, 1
29, 112, 39, 123, 2, 285, 38, 286, 0, 0, 0, 1
93, 288, 39, 2, 16, 16, 0, 0, 0, 0, 0, 1
42, 186, 31, 169, 29, 39, 0, 0, 0, 0, 0, 1
93, 23, 290, 31, 291, 0, 0, 0, 0, 0, 0, 1
29, 23, 29, 83, 82, 29, 31, 29, 0, 0, 0, 1
29, 23, 295, 50, 29, 0, 0, 0, 0, 0, 0, 1
93, 138, 171, 31, 195, 31, 180, 0, 0, 0, 0, 1
42, 46, 119, 31, 21, 0, 0, 0, 0, 0, 0, 1
42, 41, 2, 31, 298, 299, 0, 0, 0, 0, 0, 1
185, 18, 300, 301, 38, 50, 29, 0, 0, 0, 0, 1
29, 100, 38, 29, 27, 302, 0, 0, 0, 0, 0, 1
29, 26, 307, 16, 50, 16, 0, 0, 0, 0, 0, 1
148, 18, 27, 27, 2, 16, 16, 0, 0, 0, 0, 1
29, 142, 229, 39, 29, 16, 0, 0, 0, 0, 0, 1
171, 94, 310, 39, 2, 27, 27, 311, 0, 0, 0, 1
29, 107, 309, 27, 27, 31, 312, 29, 31, 0, 0, 1
42, 109, 217, 0, 39, 0, 0, 0, 0, 0, 0, 1
42, 41, 317, 318, 16, 2, 25, 0, 0, 0, 0, 1
42, 62, 26, 324, 31, 291, 2, 29, 0, 0, 0, 1
29, 90, 325, 16, 0, 0, 0, 0, 0, 0, 0, 1
185, 90, 31, 16, 31, 0, 0, 0, 0, 0, 0, 1
82, 329, 2, 31, 29, 31, 27, 0, 0, 0, 0, 1
29, 26, 38, 31, 27, 27, 0, 0, 0, 0, 0, 1
29, 36, 2, 28, 2, 29, 0, 0, 0, 0, 0, 1
29, 36, 167, 31, 38, 330, 331, 0, 0, 0, 0, 1
29, 112, 38, 16, 336, 0, 0, 0, 0, 0, 0, 1
42, 23, 337, 16, 2, 29, 0, 0, 0, 0, 0, 1
29, 23, 2, 234, 31, 169, 73, 0, 0, 0, 0, 1
22, 186, 338, 2, 51, 16, 0, 0, 0, 0, 0, 1
29, 36, 2, 316, 29, 29, 29, 0, 0, 0, 0, 1
29, 90, 167, 180, 16, 31, 339, 27, 0, 0, 0, 1
82, 13, 39, 39, 0, 0, 0, 0, 0, 0, 0, 1
29, 100, 167, 16, 340, 31, 0, 0, 0, 0, 0, 1
29, 18, 38, 31, 27, 0, 0, 0, 0, 0, 0, 1
5, 99, 99, 0, 0, 0, 0, 0, 0, 0, 0, 1
5, 93, 29, 0, 0, 0, 0, 0, 0, 0, 0, 1
42, 90, 2, 28, 2, 27, 0, 0, 0, 0, 0, 1
211, 0, 345, 0, 0, 0, 0, 0, 0, 0, 0, 1
42, 46, 85, 16, 0, 0, 0, 0, 0, 0, 0, 1
42, 183, 346, 16, 0, 0, 0, 0, 0, 0, 0, 1
59, 38, 16, 0, 0, 0, 0, 0, 0, 0, 0, 1
42, 2, 16, 16, 0, 0, 0, 0, 0, 0, 0, 1
42, 22, 16, 0, 0, 0, 0, 0, 0, 0, 0, 1
70, 42, 64, 0, 0, 0, 0, 0, 0, 0, 0, 1
70, 42, 72, 0, 0, 0, 0, 0, 0, 0, 0, 1
70, 42, 2, 27, 348, 0, 0, 0, 0, 0, 0, 1
70, 42, 41, 39, 0, 0, 0, 0, 0, 0, 0, 1
29, 141, 27, 0, 0, 0, 0, 0, 0, 0, 0, 1
29, 154, 2, 131, 16, 0, 0, 0, 0, 0, 0, 1
29, 100, 72, 0, 0, 0, 0, 0, 0, 0, 0, 1
29, 36, 72, 0, 0, 0, 0, 0, 0, 0, 0, 1
349, 2, 29, 72, 0, 0, 0, 0, 0, 0, 0, 1
351, 57, 72, 0, 0, 0, 0, 0, 0, 0, 0, 1
0, 354, 293, 0, 0, 0, 0, 0, 0, 0, 0, 1
345, 33, 2, 16, 0, 0, 0, 0, 0, 0, 0, 1
42, 33, 2, 85, 0, 0, 0, 0, 0, 0, 0, 1
345, 46, 27, 356, 0, 0, 0, 0, 0, 0, 0, 1
42, 99, 2, 85, 0, 0, 0, 0, 0, 0, 0, 1
10, 41, 2, 16, 0, 0, 0, 0, 0, 0, 0, 1
0, 357, 333, 0, 0, 0, 0, 0, 0, 0, 0, 1
358, 140, 79, 2, 359, 27, 28, 0, 0, 0, 0, 1
42, 112, 200, 31, 16, 0, 0, 0, 0, 0, 0, 1
22, 99, 360, 0, 0, 0, 0, 0, 0, 0, 0, 1
0, 154, 2, 16, 0, 0, 0, 0, 0, 0, 0, 1
0, 351, 361, 38, 0, 0, 0, 0, 0, 0, 0, 1
29, 86, 252, 0, 0, 0, 0, 0, 0, 0, 0, 1
358, 362, 2, 31, 29, 38, 0, 0, 0, 0, 0, 1
0, 33, 39, 83, 39, 0, 0, 0, 0, 0, 0, 1
0, 36, 39, 83, 275, 0, 0, 0, 0, 0, 0, 1
0, 36, 39, 0, 0, 0, 0, 0, 0, 0, 0, 1
70, 42, 13, 38, 363, 0, 0, 0, 0, 0, 0, 1
70, 42, 41, 72, 0, 0, 0, 0, 0, 0, 0, 1
364, 120, 2, 16, 0, 0, 0, 0, 0, 0, 0, 1
70, 42, 13, 39, 365, 0, 0, 0, 0, 0, 0, 1
70, 42, 13, 72, 72, 0, 0, 0, 0, 0, 0, 1
70, 10, 72, 0, 0, 0, 0, 0, 0, 0, 0, 1
42, 102, 72, 72, 2, 16, 0, 0, 0, 0, 0, 1
358, 369, 370, 72, 0, 0, 0, 0, 0, 0, 0, 1
0, 371, 56, 38, 72, 0, 0, 0, 0, 0, 0, 1
42, 372, 31, 16, 373, 0, 0, 0, 0, 0, 0, 1
70, 42, 13, 2, 264, 0, 0, 0, 0, 0, 0, 1
70, 42, 240, 39, 2, 299, 27, 27, 0, 0, 0, 1
70, 345, 41, 377, 2, 31, 0, 0, 0, 0, 0, 1
380, 53, 2, 31, 16, 0, 0, 0, 0, 0, 0, 1
29, 112, 72, 2, 260, 381, 0, 0, 0, 0, 0, 1
70, 60, 63, 2, 382, 29, 16, 0, 0, 0, 0, 1
70, 364, 120, 39, 29, 55, 0, 0, 0, 0, 0, 1
70, 10, 41, 39, 2, 260, 0, 0, 0, 0, 0, 1
0, 33, 38, 224, 16, 2, 24, 0, 0, 0, 0, 1
70, 223, 13, 2, 82, 0, 0, 0, 0, 0, 0, 1
70, 223, 13, 383, 39, 2, 311, 0, 0, 0, 0, 1
29, 36, 228, 55, 38, 386, 0, 0, 0, 0, 0, 1
82, 100, 2, 31, 16, 16, 0, 0, 0, 0, 0, 1
70, 247, 13, 38, 55, 72, 0, 0, 0, 0, 0, 1
70, 247, 23, 383, 39, 0, 0, 0, 0, 0, 0, 1
70, 247, 217, 234, 111, 27, 0, 0, 0, 0, 0, 1
247, 120, 39, 83, 333, 0, 0, 0, 0, 0, 0, 1
70, 247, 389, 27, 134, 0, 0, 0, 0, 0, 0, 1
176, 18, 270, 2, 16, 0, 0, 0, 0, 0, 0, 1
70, 247, 97, 31, 75, 35, 0, 0, 0, 0, 0, 1
70, 42, 13, 393, 72, 0, 0, 0, 0, 0, 0, 1
70, 22, 97, 375, 0, 0, 0, 0, 0, 0, 0, 1
70, 22, 142, 53, 22, 38, 134, 0, 0, 0, 0, 1
70, 22, 97, 31, 61, 0, 0, 0, 0, 0, 0, 1
1, 247, 16, 16, 31, 0, 0, 0, 0, 0, 0, 1
70, 22, 63, 72, 72, 0, 0, 0, 0, 0, 0, 1
42, 53, 39, 83, 39, 0, 0, 0, 0, 0, 0, 1
70, 72, 71, 0, 0, 0, 0, 0, 0, 0, 0, 1
29, 23, 398, 31, 31, 0, 0, 0, 0, 0, 0, 1
22, 198, 2, 16, 0, 0, 0, 0, 0, 0, 0, 1
56, 362, 2, 400, 0, 0, 0, 0, 0, 0, 0, 1
42, 401, 2, 16, 0, 0, 0, 0, 0, 0, 0, 1
402, 112, 39, 72, 0, 0, 0, 0, 0, 0, 0, 1
115, 116, 2, 24, 134, 0, 0, 0, 0, 0, 0, 1
403, 22, 389, 75, 0, 0, 0, 0, 0, 0, 0, 1
42, 404, 2, 397, 2, 16, 0, 0, 0, 0, 0, 1
42, 112, 333, 405, 0, 0, 0, 0, 0, 0, 0, 1
0, 22, 21, 0, 0, 0, 0, 0, 0, 0, 0, 1
93, 36, 38, 408, 16, 0, 0, 0, 0, 0, 0, 1
0, 62, 409, 38, 72, 0, 0, 0, 0, 0, 0, 1
0, 354, 72, 281, 0, 0, 0, 0, 0, 0, 0, 1
0, 358, 33, 39, 31, 410, 0, 0, 0, 0, 0, 1
0, 354, 38, 16, 0, 0, 0, 0, 0, 0, 0, 1
0, 351, 33, 411, 0, 0, 0, 0, 0, 0, 0, 1
22, 138, 31, 413, 0, 0, 0, 0, 0, 0, 0, 1
22, 112, 38, 16, 0, 0, 0, 0, 0, 0, 0, 1
0, 354, 414, 157, 0, 0, 0, 0, 0, 0, 0, 1
22, 138, 86, 41, 0, 0, 0, 0, 0, 0, 0, 1
0, 415, 22, 16, 0, 0, 0, 0, 0, 0, 0, 1
346, 154, 31, 51, 16, 0, 0, 0, 0, 0, 0, 1
376, 102, 2, 273, 0, 0, 0, 0, 0, 0, 0, 1
0, 357, 5, 375, 0, 0, 0, 0, 0, 0, 0, 1
358, 420, 2, 31, 386, 0, 0, 0, 0, 0, 0, 1
358, 421, 375, 2, 422, 0, 0, 0, 0, 0, 0, 1
33, 53, 2, 425, 0, 0, 0, 0, 0, 0, 0, 1
42, 53, 2, 24, 0, 0, 0, 0, 0, 0, 0, 1
93, 53, 2, 425, 0, 0, 0, 0, 0, 0, 0, 1
1, 53, 2, 39, 0, 0, 0, 0, 0, 0, 0, 1
93, 251, 31, 0, 0, 0, 0, 0, 0, 0, 0, 1
22, 41, 38, 0, 0, 0, 0, 0, 0, 0, 0, 1
22, 364, 31, 0, 0, 0, 0, 0, 0, 0, 0, 1
427, 428, 2, 194, 0, 0, 0, 0, 0, 0, 0, 1
29, 22, 31, 0, 0, 0, 0, 0, 0, 0, 0, 1
22, 38, 0, 0, 0, 0, 0, 0, 0, 0, 0, 1
358, 33, 38, 31, 31, 0, 0, 0, 0, 0, 0, 1
22, 18, 2, 234, 0, 0, 0, 0, 0, 0, 0, 1
22, 63, 2, 31, 0, 0, 0, 0, 0, 0, 0, 1
22, 22, 31, 0, 0, 0, 0, 0, 0, 0, 0, 1
22, 49, 0, 0, 0, 0, 0, 0, 0, 0, 0, 1
70, 22, 72, 0, 0, 0, 0, 0, 0, 0, 0, 1
70, 22, 72, 0, 0, 0, 0, 0, 0, 0, 0, 1
70, 22, 72, 0, 0, 0, 0, 0, 0, 0, 0, 1
70, 22, 72, 0, 0, 0, 0, 0, 0, 0, 0, 1
70, 22, 72, 0, 0, 0, 0, 0, 0, 0, 0, 1
70, 22, 122, 0, 0, 0, 0, 0, 0, 0, 0, 1
70, 22, 430, 0, 0, 0, 0, 0, 0, 0, 0, 1
70, 22, 64, 0, 0, 0, 0, 0, 0, 0, 0, 1
70, 29, 431, 0, 0, 0, 0, 0, 0, 0, 0, 1
70, 22, 122, 0, 0, 0, 0, 0, 0, 0, 0, 1
93, 36, 38, 2, 31, 0, 0, 0, 0, 0, 0, 1
22, 13, 38, 2, 432, 0, 0, 0, 0, 0, 0, 1
22, 29, 31, 0, 0, 0, 0, 0, 0, 0, 0, 1
22, 18, 38, 0, 0, 0, 0, 0, 0, 0, 0, 1
22, 13, 2, 31, 72, 0, 0, 0, 0, 0, 0, 1
22, 112, 2, 31, 0, 0, 0, 0, 0, 0, 0, 1
22, 252, 2, 31, 64, 0, 0, 0, 0, 0, 0, 1
22, 93, 99, 0, 0, 0, 0, 0, 0, 0, 0, 1
5, 93, 433, 0, 0, 0, 0, 0, 0, 0, 0, 1
22, 268, 2, 31, 31, 0, 0, 0, 0, 0, 0, 1
22, 435, 2, 225, 38, 0, 0, 0, 0, 0, 0, 1
22, 22, 31, 0, 0, 0, 0, 0, 0, 0, 0, 1
22, 22, 436, 31, 0, 0, 0, 0, 0, 0, 0, 1
22, 437, 31, 0, 0, 0, 0, 0, 0, 0, 0, 1
22, 438, 31, 0, 0, 0, 0, 0, 0, 0, 0, 1
22, 50, 31, 0, 0, 0, 0, 0, 0, 0, 0, 1
22, 22, 31, 0, 0, 0, 0, 0, 0, 0, 0, 1
22, 63, 38, 0, 0, 0, 0, 0, 0, 0, 0, 1
0, 112, 440, 441, 0, 0, 0, 0, 0, 0, 0, 1
443, 22, 38, 31, 0, 0, 0, 0, 0, 0, 0, 1
22, 93, 99, 0, 0, 0, 0, 0, 0, 0, 0, 1
70, 22, 72, 0, 0, 0, 0, 0, 0, 0, 0, 1
70, 22, 64, 0, 0, 0, 0, 0, 0, 0, 0, 1
70, 22, 431, 0, 0, 0, 0, 0, 0, 0, 0, 1
22, 252, 2, 31, 72, 0, 0, 0, 0, 0, 0, 1
29, 22, 31, 0, 0, 0, 0, 0, 0, 0, 0, 1
22, 444, 38, 0, 0, 0, 0, 0, 0, 0, 0, 1
22, 438, 31, 0, 0, 0, 0, 0, 0, 0, 0, 1
29, 29, 31, 31, 0, 0, 0, 0, 0, 0, 0, 1
22, 445, 31, 0, 0, 0, 0, 0, 0, 0, 0, 1
22, 13, 38, 0, 0, 0, 0, 0, 0, 0, 0, 1
22, 13, 2, 31, 0, 0, 0, 0, 0, 0, 0, 1
22, 41, 38, 0, 0, 0, 0, 0, 0, 0, 0, 1
22, 2, 31, 0, 0, 0, 0, 0, 0, 0, 0, 1
22, 63, 93, 38, 0, 0, 0, 0, 0, 0, 0, 1
22, 186, 39, 2, 9, 0, 0, 0, 0, 0, 0, 1
29, 198, 446, 38, 31, 296, 29, 0, 0, 0, 0, 1
22, 18, 38, 337, 38, 0, 0, 0, 0, 0, 0, 1
82, 18, 38, 38, 31, 0, 0, 0, 0, 0, 0, 1
22, 109, 38, 447, 448, 0, 0, 0, 0, 0, 0, 1
29, 18, 38, 296, 31, 148, 0, 0, 0, 0, 0, 1
22, 23, 2, 51, 27, 27, 0, 0, 0, 0, 0, 1
12, 120, 167, 38, 451, 31, 68, 0, 0, 0, 0, 1
29, 13, 22, 38, 27, 27, 456, 0, 0, 0, 0, 1
22, 100, 2, 27, 27, 457, 31, 0, 0, 0, 0, 1
219, 100, 22, 29, 31, 31, 31, 0, 0, 0, 0, 1
29, 41, 38, 175, 0, 0, 0, 0, 0, 0, 0, 1
93, 23, 29, 2, 31, 0, 0, 0, 0, 0, 0, 1
22, 36, 2, 27, 27, 0, 0, 0, 0, 0, 0, 1
82, 26, 39, 39, 0, 0, 0, 0, 0, 0, 0, 1
29, 13, 31, 210, 16, 0, 0, 0, 0, 0, 0, 1
171, 107, 38, 296, 16, 0, 0, 0, 0, 0, 0, 1
22, 26, 31, 234, 16, 0, 0, 0, 0, 0, 0, 1
82, 23, 2, 31, 2, 29, 0, 0, 0, 0, 0, 1
29, 18, 2, 234, 51, 29, 0, 0, 0, 0, 0, 1
29, 112, 337, 27, 456, 72, 0, 0, 0, 0, 0, 1
82, 112, 39, 2, 31, 15, 16, 0, 0, 0, 0, 1
22, 198, 38, 31, 29, 0, 0, 0, 0, 0, 0, 1
59, 100, 72, 2, 29, 0, 0, 0, 0, 0, 0, 1
185, 112, 39, 2, 29, 0, 0, 0, 0, 0, 0, 1
93, 63, 38, 152, 30, 0, 0, 0, 0, 0, 0, 1
22, 93, 93, 2, 27, 0, 0, 0, 0, 0, 0, 1
29, 18, 38, 27, 111, 0, 0, 0, 0, 0, 0, 1
29, 112, 72, 50, 95, 0, 0, 0, 0, 0, 0, 1
93, 288, 2, 51, 16, 0, 0, 0, 0, 0, 0, 1
194, 112, 333, 2, 16, 0, 0, 0, 0, 0, 0, 1
29, 18, 39, 2, 148, 0, 0, 0, 0, 0, 0, 1
29, 18, 480, 195, 16, 0, 0, 0, 0, 0, 0, 1
194, 112, 38, 195, 16, 0, 0, 0, 0, 0, 0, 1
82, 120, 22, 481, 29, 0, 0, 0, 0, 0, 0, 1
22, 140, 27, 27, 0, 0, 0, 0, 0, 0, 0, 1
59, 102, 326, 27, 0, 0, 0, 0, 0, 0, 0, 1
22, 26, 39, 2, 482, 0, 0, 0, 0, 0, 0, 1
29, 26, 29, 31, 72, 0, 0, 0, 0, 0, 0, 1
25, 18, 50, 27, 38, 0, 0, 0, 0, 0, 0, 1
42, 23, 38, 143, 16, 0, 0, 0, 0, 0, 0, 1
42, 26, 310, 39, 0, 0, 0, 0, 0, 0, 0, 1
184, 100, 167, 51, 32, 0, 0, 0, 0, 0, 0, 1
29, 138, 483, 72, 72, 0, 0, 0, 0, 0, 0, 1
42, 351, 306, 484, 113, 0, 0, 0, 0, 0, 0, 1
42, 142, 22, 31, 29, 0, 0, 0, 0, 0, 0, 1
29, 38, 485, 31, 113, 0, 0, 0, 0, 0, 0, 1
29, 120, 217, 277, 113, 0, 0, 0, 0, 0, 0, 1
42, 13, 38, 169, 117, 0, 0, 0, 0, 0, 0, 1
82, 142, 2, 27, 456, 0, 0, 0, 0, 0, 0, 1
12, 23, 412, 2, 51, 253, 0, 0, 0, 0, 0, 1
25, 140, 72, 72, 122, 0, 0, 0, 0, 0, 0, 1
148, 29, 27, 27, 111, 0, 0, 0, 0, 0, 0, 1
22, 401, 38, 253, 16, 0, 0, 0, 0, 0, 0, 1
137, 23, 38, 312, 42, 0, 0, 0, 0, 0, 0, 1
29, 142, 490, 31, 16, 0, 0, 0, 0, 0, 0, 1
82, 26, 30, 491, 29, 0, 0, 0, 0, 0, 0, 1
82, 274, 2, 113, 29, 0, 0, 0, 0, 0, 0, 1
93, 18, 167, 476, 482, 0, 0, 0, 0, 0, 0, 1
29, 140, 145, 206, 31, 0, 0, 0, 0, 0, 0, 1
60, 198, 38, 27, 27, 0, 0, 0, 0, 0, 0, 1
42, 97, 38, 291, 2, 73, 0, 0, 0, 0, 0, 1
29, 13, 29, 485, 16, 0, 0, 0, 0, 0, 0, 1
73, 97, 38, 221, 31, 0, 0, 0, 0, 0, 0, 1
82, 23, 2, 234, 16, 0, 0, 0, 0, 0, 0, 1
42, 495, 2, 145, 38, 0, 0, 0, 0, 0, 0, 1
25, 90, 122, 122, 0, 0, 0, 0, 0, 0, 0, 1
496, 23, 145, 31, 31, 0, 0, 0, 0, 0, 0, 1
148, 497, 38, 16, 0, 0, 0, 0, 0, 0, 0, 1
82, 100, 38, 31, 31, 0, 0, 0, 0, 0, 0, 1
82, 26, 431, 72, 2, 29, 0, 0, 0, 0, 0, 1
29, 78, 50, 16, 29, 0, 0, 0, 0, 0, 0, 1
108, 97, 72, 38, 16, 0, 0, 0, 0, 0, 0, 1
29, 26, 38, 2, 39, 0, 0, 0, 0, 0, 0, 1
12, 140, 22, 505, 27, 0, 0, 0, 0, 0, 0, 1
29, 38, 455, 506, 16, 0, 0, 0, 0, 0, 0, 1
82, 18, 38, 55, 16, 0, 0, 0, 0, 0, 0, 1
59, 120, 162, 39, 2, 29, 0, 0, 0, 0, 0, 1
10, 107, 38, 406, 16, 0, 0, 0, 0, 0, 0, 1
93, 13, 145, 21, 0, 0, 0, 0, 0, 0, 0, 1
29, 100, 39, 39, 0, 0, 0, 0, 0, 0, 0, 1
29, 138, 22, 509, 134, 0, 0, 0, 0, 0, 0, 1
108, 13, 38, 16, 83, 38, 16, 0, 0, 0, 0, 1
22, 90, 167, 16, 16, 0, 0, 0, 0, 0, 0, 1
29, 140, 2, 27, 512, 0, 0, 0, 0, 0, 0, 1
42, 186, 324, 16, 2, 513, 0, 0, 0, 0, 0, 1
42, 26, 39, 39, 2, 82, 0, 0, 0, 0, 0, 1
22, 198, 145, 16, 16, 0, 0, 0, 0, 0, 0, 1
42, 517, 27, 518, 519, 0, 0, 0, 0, 0, 0, 1
29, 138, 2, 51, 16, 31, 0, 0, 0, 0, 0, 1
42, 13, 38, 16, 31, 0, 0, 0, 0, 0, 0, 1
29, 38, 485, 31, 31, 0, 0, 0, 0, 0, 0, 1
22, 100, 38, 527, 82, 0, 0, 0, 0, 0, 0, 1
29, 63, 424, 50, 16, 0, 0, 0, 0, 0, 0, 1
42, 26, 39, 39, 2, 82, 0, 0, 0, 0, 0, 1
29, 26, 38, 16, 2, 29, 0, 0, 0, 0, 0, 1
29, 112, 145, 536, 27, 27, 0, 0, 0, 0, 0, 1
477, 26, 2, 234, 234, 406, 0, 0, 0, 0, 0, 1
22, 26, 145, 16, 2, 113, 0, 0, 0, 0, 0, 1
22, 112, 38, 27, 2, 291, 0, 0, 0, 0, 0, 1
29, 23, 72, 122, 50, 29, 0, 0, 0, 0, 0, 1
29, 26, 72, 50, 16, 16, 0, 0, 0, 0, 0, 1
22, 97, 2, 31, 29, 72, 0, 0, 0, 0, 0, 1
42, 23, 337, 16, 2, 27, 0, 0, 0, 0, 0, 1
42, 23, 72, 72, 2, 29, 0, 0, 0, 0, 0, 1
22, 18, 38, 520, 2, 38, 0, 0, 0, 0, 0, 1
29, 63, 38, 27, 2, 38, 0, 0, 0, 0, 0, 1
22, 112, 72, 72, 2, 29, 0, 0, 0, 0, 0, 1
22, 62, 18, 38, 537, 16, 0, 0, 0, 0, 0, 1
22, 140, 38, 143, 124, 16, 0, 0, 0, 0, 0, 1
59, 142, 2, 182, 2, 21, 0, 0, 0, 0, 0, 1
82, 18, 38, 470, 2, 16, 0, 0, 0, 0, 0, 1
22, 23, 72, 122, 2, 25, 0, 0, 0, 0, 0, 1
185, 18, 300, 11, 50, 29, 0, 0, 0, 0, 0, 1
538, 26, 217, 68, 27, 539, 0, 0, 0, 0, 0, 1
22, 18, 29, 64, 72, 0, 0, 0, 0, 0, 0, 1
29, 41, 540, 27, 2, 12, 0, 0, 0, 0, 0, 1
42, 41, 39, 39, 2, 184, 0, 0, 0, 0, 0, 1
22, 26, 38, 31, 27, 111, 0, 0, 0, 0, 0, 1
22, 18, 38, 82, 72, 0, 0, 0, 0, 0, 0, 1
42, 62, 23, 14, 113, 2, 82, 0, 0, 0, 0, 1
29, 18, 546, 217, 39, 0, 0, 0, 0, 0, 0, 1
82, 18, 38, 16, 2, 148, 0, 0, 0, 0, 0, 1
29, 63, 38, 16, 16, 88, 73, 0, 0, 0, 0, 1
82, 23, 551, 339, 2, 29, 0, 0, 0, 0, 0, 1
468, 198, 53, 552, 83, 38, 16, 0, 0, 0, 0, 1
42, 102, 39, 39, 2, 73, 0, 0, 0, 0, 0, 1
148, 18, 168, 31, 31, 16, 0, 0, 0, 0, 0, 1
29, 138, 29, 2, 51, 29, 0, 0, 0, 0, 0, 1
148, 26, 38, 16, 2, 82, 0, 0, 0, 0, 0, 1
29, 18, 167, 31, 27, 554, 0, 0, 0, 0, 0, 1
22, 100, 37, 29, 2, 16, 0, 0, 0, 0, 0, 1
108, 23, 39, 2, 16, 0, 0, 0, 0, 0, 0, 1
29, 100, 38, 16, 31, 16, 0, 0, 0, 0, 0, 1
29, 100, 38, 408, 16, 16, 0, 0, 0, 0, 0, 1
115, 444, 2, 195, 29, 122, 0, 0, 0, 0, 0, 1
22, 112, 203, 16, 2, 29, 0, 0, 0, 0, 0, 1
42, 26, 72, 72, 2, 82, 0, 0, 0, 0, 0, 1
82, 97, 38, 16, 2, 29, 0, 0, 0, 0, 0, 1
29, 26, 39, 39, 50, 29, 0, 0, 0, 0, 0, 1
22, 100, 393, 72, 2, 29, 0, 0, 0, 0, 0, 1
29, 112, 38, 16, 16, 0, 0, 0, 0, 0, 0, 1
93, 288, 39, 2, 16, 16, 0, 0, 0, 0, 0, 1
59, 244, 490, 16, 2, 29, 0, 0, 0, 0, 0, 1
93, 18, 72, 2, 24, 0, 0, 0, 0, 0, 0, 1
93, 41, 2, 51, 29, 0, 0, 0, 0, 0, 0, 1
22, 140, 2, 51, 148, 0, 0, 0, 0, 0, 0, 1
93, 41, 2, 27, 27, 0, 0, 0, 0, 0, 0, 1
93, 38, 455, 16, 68, 0, 0, 0, 0, 0, 0, 1
93, 274, 38, 51, 16, 0, 0, 0, 0, 0, 0, 1
29, 140, 2, 51, 16, 0, 0, 0, 0, 0, 0, 1
42, 100, 2, 143, 16, 0, 0, 0, 0, 0, 0, 1
29, 23, 39, 50, 29, 0, 0, 0, 0, 0, 0, 1
29, 13, 72, 2, 38, 0, 0, 0, 0, 0, 0, 1
29, 102, 72, 72, 294, 0, 0, 0, 0, 0, 0, 1
93, 36, 582, 2, 29, 0, 0, 0, 0, 0, 0, 1
29, 23, 38, 583, 29, 0, 0, 0, 0, 0, 0, 1
29, 120, 38, 16, 16, 0, 0, 0, 0, 0, 0, 1
29, 120, 29, 2, 82, 0, 0, 0, 0, 0, 0, 1
29, 23, 38, 31, 29, 0, 0, 0, 0, 0, 0, 1
29, 63, 38, 246, 16, 0, 0, 0, 0, 0, 0, 1
29, 13, 39, 50, 29, 0, 0, 0, 0, 0, 0, 1
29, 467, 38, 16, 82, 0, 0, 0, 0, 0, 0, 1
93, 102, 39, 2, 29, 0, 0, 0, 0, 0, 0, 1
42, 269, 2, 16, 16, 0, 0, 0, 0, 0, 0, 1
29, 23, 38, 16, 29, 0, 0, 0, 0, 0, 0, 1
22, 36, 50, 73, 31, 0, 0, 0, 0, 0, 0, 1
148, 497, 589, 38, 16, 0, 0, 0, 0, 0, 0, 1
29, 78, 50, 54, 29, 0, 0, 0, 0, 0, 0, 1
0, 357, 39, 39, 0, 0, 0, 0, 0, 0, 0, 1
70, 10, 122, 0, 0, 0, 0, 0, 0, 0, 0, 1
70, 10, 63, 2, 75, 0, 0, 0, 0, 0, 0, 1
82, 23, 37, 16, 0, 0, 0, 0, 0, 0, 0, 1
42, 13, 38, 16, 0, 0, 0, 0, 0, 0, 0, 1
42, 591, 39, 205, 0, 0, 0, 0, 0, 0, 0, 1
22, 36, 2, 27, 0, 0, 0, 0, 0, 0, 0, 1
159, 112, 38, 177, 0, 0, 0, 0, 0, 0, 0, 1
29, 13, 27, 27, 0, 0, 0, 0, 0, 0, 0, 1
29, 269, 375, 39, 38, 0, 0, 0, 0, 0, 0, 1
25, 140, 152, 31, 16, 0, 0, 0, 0, 0, 0, 1
22, 90, 2, 16, 82, 0, 0, 0, 0, 0, 0, 1
82, 112, 592, 2, 16, 0, 0, 0, 0, 0, 0, 1
42, 120, 207, 16, 31, 0, 0, 0, 0, 0, 0, 1
42, 120, 22, 39, 0, 0, 0, 0, 0, 0, 0, 1
29, 142, 38, 16, 35, 0, 0, 0, 0, 0, 0, 1
29, 18, 593, 39, 29, 0, 0, 0, 0, 0, 0, 1
194, 18, 594, 2, 513, 0, 0, 0, 0, 0, 0, 1
42, 26, 228, 75, 16, 0, 0, 0, 0, 0, 0, 1
496, 97, 39, 53, 77, 0, 0, 0, 0, 0, 0, 1
82, 23, 595, 29, 29, 0, 0, 0, 0, 0, 0, 1
29, 13, 29, 29, 27, 0, 0, 0, 0, 0, 0, 1
460, 18, 483, 2, 29, 0, 0, 0, 0, 0, 0, 1
108, 38, 31, 29, 598, 0, 0, 0, 0, 0, 0, 1
599, 100, 167, 406, 600, 0, 0, 0, 0, 0, 0, 1
82, 1, 2, 113, 31, 16, 0, 0, 0, 0, 0, 1
22, 274, 37, 29, 2, 29, 0, 0, 0, 0, 0, 1
29, 41, 449, 16, 16, 450, 0, 0, 0, 0, 0, 1
22, 90, 72, 2, 255, 16, 0, 0, 0, 0, 0, 1
29, 63, 370, 281, 2, 29, 0, 0, 0, 0, 0, 1
22, 18, 396, 29, 61, 601, 0, 0, 0, 0, 0, 1
42, 109, 157, 72, 2, 602, 0, 0, 0, 0, 0, 1
42, 274, 39, 39, 2, 82, 0, 0, 0, 0, 0, 1
42, 78, 603, 31, 2, 27, 0, 0, 0, 0, 0, 1
29, 36, 2, 27, 608, 111, 0, 0, 0, 0, 0, 1
82, 26, 38, 16, 31, 95, 0, 0, 0, 0, 0, 1
60, 186, 38, 436, 31, 16, 0, 0, 0, 0, 0, 1
29, 63, 82, 22, 2, 29, 0, 0, 0, 0, 0, 1
612, 138, 37, 16, 31, 31, 0, 0, 0, 0, 0, 1
82, 18, 38, 31, 16, 29, 0, 0, 0, 0, 0, 1
42, 189, 613, 31, 31, 16, 0, 0, 0, 0, 0, 1
42, 18, 39, 39, 38, 614, 0, 0, 0, 0, 0, 1
185, 100, 145, 22, 16, 493, 0, 0, 0, 0, 0, 1
29, 97, 2, 51, 31, 615, 0, 0, 0, 0, 0, 1
29, 112, 50, 38, 31, 82, 0, 0, 0, 0, 0, 1
42, 186, 39, 39, 2, 82, 0, 0, 0, 0, 0, 1
22, 36, 2, 27, 2, 38, 0, 0, 0, 0, 0, 1
42, 109, 145, 38, 618, 16, 0, 0, 0, 0, 0, 1
159, 18, 38, 619, 31, 16, 0, 0, 0, 0, 0, 1
42, 41, 59, 620, 2, 38, 0, 0, 0, 0, 0, 1
29, 18, 50, 143, 24, 149, 0, 0, 0, 0, 0, 1
622, 198, 393, 72, 38, 29, 0, 0, 0, 0, 0, 1
159, 36, 72, 2, 234, 202, 0, 0, 0, 0, 0, 1
42, 186, 37, 513, 27, 134, 0, 0, 0, 0, 0, 1
391, 138, 167, 16, 16, 31, 0, 0, 0, 0, 0, 1
29, 112, 324, 38, 626, 588, 0, 0, 0, 0, 0, 1
29, 23, 72, 122, 50, 29, 0, 0, 0, 0, 0, 1
29, 18, 627, 54, 29, 29, 0, 0, 0, 0, 0, 1
42, 23, 22, 2, 51, 16, 0, 0, 0, 0, 0, 1
42, 23, 30, 422, 485, 406, 0, 0, 0, 0, 0, 1
42, 41, 122, 2, 234, 406, 0, 0, 0, 0, 0, 1
0, 1, 2, 3, 4, 0, 0, 0, 0, 0, 0, 2
4, 1, 8, 6, 9, 10, 3, 0, 0, 0, 0, 2
14, 15, 13, 16, 17, 3, 18, 0, 0, 0, 0, 2
2, 25, 26, 27, 1, 0, 0, 0, 0, 0, 0, 2
4, 28, 29, 30, 31, 32, 0, 0, 0, 0, 0, 2
35, 36, 37, 17, 38, 13, 21, 0, 0, 0, 0, 2
2, 12, 13, 3, 41, 2, 10, 3, 0, 0, 0, 2
43, 5, 6, 44, 45, 46, 27, 47, 0, 0, 0, 2
2, 1, 37, 21, 48, 3, 1, 0, 0, 0, 0, 2
17, 12, 45, 49, 1, 1, 17, 0, 0, 0, 0, 2
33, 58, 3, 59, 60, 3, 12, 0, 0, 0, 0, 2
17, 33, 9, 1, 3, 3, 42, 17, 0, 0, 0, 2
35, 1, 13, 70, 57, 0, 0, 0, 0, 0, 0, 2
12, 36, 71, 12, 72, 0, 0, 0, 0, 0, 0, 2
17, 17, 68, 6, 13, 81, 1, 0, 0, 0, 0, 2
5, 82, 13, 83, 1, 9, 27, 84, 0, 0, 0, 2
97, 64, 98, 27, 1, 99, 1, 0, 0, 0, 0, 2
33, 33, 53, 12, 17, 0, 0, 0, 0, 0, 0, 2
0, 104, 3, 3, 13, 105, 0, 0, 0, 0, 0, 2
33, 33, 2, 112, 1, 0, 0, 0, 0, 0, 0, 2
17, 105, 117, 118, 33, 0, 0, 0, 0, 0, 0, 2
90, 3, 1, 17, 119, 9, 17, 1, 0, 0, 0, 2
0, 120, 69, 6, 121, 13, 3, 1, 12, 0, 0, 2
5, 5, 122, 3, 123, 13, 124, 0, 0, 0, 0, 2
125, 41, 9, 1, 126, 1, 3, 0, 0, 0, 0, 2
134, 116, 135, 1, 136, 1, 0, 0, 0, 0, 0, 2
43, 5, 22, 137, 9, 52, 3, 0, 0, 0, 0, 2
2, 1, 44, 26, 138, 139, 4, 0, 0, 0, 0, 2
33, 33, 2, 62, 17, 13, 4, 3, 0, 0, 0, 2
2, 3, 141, 142, 12, 143, 0, 0, 0, 0, 0, 2
147, 148, 149, 150, 151, 13, 12, 0, 0, 0, 0, 2
156, 12, 3, 157, 158, 3, 0, 0, 0, 0, 0, 2
159, 12, 34, 0, 0, 0, 0, 0, 0, 0, 0, 2
33, 33, 27, 44, 6, 44, 0, 0, 0, 0, 0, 2
2, 17, 160, 21, 3, 157, 0, 0, 0, 0, 0, 2
178, 4, 9, 154, 1, 2, 1, 0, 0, 0, 0, 2
33, 3, 1, 2, 1, 179, 166, 0, 0, 0, 0, 2
5, 5, 3, 42, 3, 6, 0, 0, 0, 0, 0, 2
186, 187, 12, 165, 3, 1, 13, 141, 163, 0, 0, 2
33, 191, 98, 12, 17, 3, 6, 0, 0, 0, 0, 2
33, 194, 87, 31, 195, 196, 197, 0, 0, 0, 0, 2
2, 12, 145, 198, 199, 9, 3, 41, 0, 0, 0, 2
2, 64, 37, 17, 2, 100, 1, 12, 0, 0, 0, 2
147, 21, 49, 64, 209, 166, 3, 17, 0, 0, 0, 2
125, 41, 203, 202, 2, 2, 124, 0, 0, 0, 0, 2
75, 4, 171, 13, 223, 9, 17, 0, 0, 0, 0, 2
234, 5, 235, 225, 12, 236, 3, 64, 0, 0, 0, 2
2, 33, 53, 238, 239, 12, 0, 0, 0, 0, 0, 2
240, 96, 3, 1, 12, 17, 3, 0, 0, 0, 0, 2
17, 17, 12, 163, 179, 1, 0, 0, 0, 0, 0, 2
55, 139, 22, 8, 1, 12, 0, 0, 0, 0, 0, 2
156, 12, 6, 44, 12, 3, 4, 0, 0, 0, 0, 2
247, 1, 53, 17, 13, 7, 12, 0, 0, 0, 0, 2
50, 116, 12, 248, 13, 12, 0, 0, 0, 0, 0, 2
17, 17, 2, 13, 64, 17, 253, 17, 0, 0, 0, 2
256, 12, 45, 257, 5, 3, 3, 0, 0, 0, 0, 2
258, 259, 44, 12, 17, 138, 260, 0, 0, 0, 0, 2
5, 5, 3, 263, 149, 225, 0, 0, 0, 0, 0, 2
202, 166, 65, 96, 3, 3, 0, 0, 0, 0, 0, 2
17, 105, 264, 3, 265, 64, 0, 0, 0, 0, 0, 2
33, 33, 65, 3, 3, 36, 1, 0, 0, 0, 0, 2
2, 6, 53, 12, 1, 1, 0, 0, 0, 0, 0, 2
33, 2, 91, 269, 3, 0, 0, 0, 0, 0, 0, 2
234, 270, 3, 64, 96, 10, 89, 0, 0, 0, 0, 2
272, 2, 3, 33, 273, 3, 42, 1, 0, 0, 0, 2
17, 281, 13, 17, 0, 0, 0, 0, 0, 0, 0, 2
284, 33, 26, 285, 27, 3, 1, 0, 0, 0, 0, 2
33, 287, 13, 3, 12, 6, 0, 0, 0, 0, 0, 2
4, 65, 44, 12, 12, 33, 169, 0, 0, 0, 0, 2
2, 2, 295, 198, 44, 3, 0, 0, 0, 0, 0, 2
2, 1, 9, 296, 1, 3, 297, 0, 0, 0, 0, 2
234, 5, 235, 152, 12, 236, 1, 0, 0, 0, 0, 2
2, 249, 12, 115, 217, 309, 0, 0, 0, 0, 0, 2
156, 12, 264, 13, 68, 9, 124, 0, 0, 0, 0, 2
156, 4, 197, 310, 17, 0, 0, 0, 0, 0, 0, 2
6, 267, 292, 311, 139, 12, 0, 0, 0, 0, 0, 2
2, 56, 167, 54, 21, 216, 0, 0, 0, 0, 0, 2
266, 33, 317, 53, 318, 1, 62, 12, 0, 0, 0, 2
2, 1, 12, 320, 12, 283, 42, 283, 1, 0, 0, 2
5, 96, 42, 321, 1, 322, 12, 0, 0, 0, 0, 2
33, 323, 2, 21, 21, 12, 240, 82, 0, 0, 0, 2
257, 324, 283, 1, 0, 0, 0, 0, 0, 0, 0, 2
2, 143, 325, 13, 12, 13, 83, 0, 0, 0, 0, 2
326, 2, 326, 9, 175, 12, 0, 0, 0, 0, 0, 2
33, 33, 13, 160, 33, 328, 72, 17, 0, 0, 0, 2
73, 5, 12, 5, 3, 17, 0, 0, 0, 0, 0, 2
43, 5, 3, 1, 12, 12, 235, 341, 0, 0, 0, 2
5, 187, 172, 6, 15, 12, 56, 2, 89, 0, 0, 2
17, 37, 13, 17, 17, 347, 6, 0, 0, 0, 0, 2
4, 33, 171, 21, 13, 17, 96, 17, 0, 0, 0, 2
17, 2, 2, 33, 51, 13, 17, 348, 0, 0, 0, 2
349, 33, 22, 350, 12, 351, 115, 0, 0, 0, 0, 2
352, 353, 184, 98, 72, 1, 354, 1, 0, 0, 0, 2
116, 270, 338, 12, 2, 335, 3, 1, 0, 0, 0, 2
17, 17, 115, 13, 1, 0, 0, 0, 0, 0, 0, 2
234, 104, 12, 199, 44, 365, 1, 0, 0, 0, 0, 2
33, 33, 17, 366, 64, 2, 367, 0, 0, 0, 0, 2
17, 4, 370, 12, 12, 23, 12, 0, 0, 0, 0, 2
33, 33, 171, 146, 13, 3, 1, 0, 0, 0, 0, 2
371, 64, 13, 17, 0, 0, 0, 0, 0, 0, 0, 2
156, 12, 2, 3, 1, 1, 3, 0, 0, 0, 0, 2
352, 376, 12, 21, 1, 12, 163, 0, 0, 0, 0, 2
113, 1, 73, 110, 324, 12, 0, 0, 0, 0, 0, 2
156, 5, 33, 378, 117, 13, 1, 0, 0, 0, 0, 2
33, 33, 29, 2, 21, 96, 17, 0, 0, 0, 0, 2
379, 17, 13, 64, 12, 380, 6, 0, 0, 0, 0, 2
381, 5, 382, 383, 1, 0, 0, 0, 0, 0, 0, 2
384, 12, 6, 6, 385, 181, 17, 0, 0, 0, 0, 2
343, 33, 37, 387, 226, 12, 0, 0, 0, 0, 0, 2
33, 162, 27, 1, 9, 10, 0, 0, 0, 0, 0, 2
202, 166, 29, 2, 1, 13, 1, 0, 0, 0, 0, 2
5, 391, 49, 25, 3, 42, 17, 0, 0, 0, 0, 2
401, 12, 402, 64, 21, 172, 0, 0, 0, 0, 0, 2
202, 166, 2, 13, 42, 17, 17, 0, 0, 0, 0, 2
2, 3, 13, 6, 13, 1, 1, 0, 0, 0, 0, 2
403, 1, 98, 12, 108, 12, 165, 166, 404, 0, 0, 2
43, 5, 405, 406, 21, 88, 33, 245, 0, 0, 0, 2
33, 33, 117, 199, 219, 6, 3, 223, 0, 0, 0, 2
43, 5, 304, 3, 104, 3, 6, 17, 0, 0, 0, 2
0, 17, 378, 4, 162, 17, 6, 0, 0, 0, 0, 2
2, 17, 13, 12, 219, 195, 0, 0, 0, 0, 0, 2
416, 417, 9, 418, 3, 4, 67, 0, 0, 0, 0, 2
426, 12, 0, 0, 0, 0, 0, 0, 0, 0, 0, 2
39, 335, 87, 434, 435, 4, 17, 1, 0, 0, 0, 2
156, 17, 440, 441, 9, 163, 0, 0, 0, 0, 0, 2
2, 150, 9, 292, 249, 94, 1, 0, 0, 0, 0, 2
446, 382, 12, 3, 1, 1, 0, 0, 0, 0, 0, 2
5, 5, 452, 453, 6, 12, 17, 17, 0, 0, 0, 2
2, 330, 13, 1, 3, 3, 0, 0, 0, 0, 0, 2
455, 180, 85, 72, 17, 3, 0, 0, 0, 0, 0, 2
391, 17, 53, 12, 1, 44, 324, 12, 0, 0, 0, 2
17, 1, 390, 13, 139, 12, 0, 0, 0, 0, 0, 2
33, 33, 9, 27, 1, 3, 1, 0, 0, 0, 0, 2
12, 17, 2, 13, 165, 42, 1, 0, 0, 0, 0, 2
397, 12, 9, 453, 13, 276, 3, 0, 0, 0, 0, 2
462, 152, 12, 44, 218, 3, 0, 0, 0, 0, 0, 2
159, 143, 2, 12, 64, 0, 0, 0, 0, 0, 0, 2
465, 33, 29, 17, 12, 44, 3, 0, 0, 0, 0, 2
2, 17, 468, 13, 1, 62, 469, 17, 0, 0, 0, 2
202, 166, 26, 12, 183, 1, 12, 1, 0, 0, 0, 2
158, 82, 9, 17, 478, 2, 172, 3, 0, 0, 0, 2
2, 1, 0, 0, 0, 0, 0, 0, 0, 0, 0, 2
17, 17, 13, 64, 363, 3, 479, 0, 0, 0, 0, 2
2, 270, 267, 223, 17, 13, 27, 1, 1, 0, 0, 2
50, 5, 270, 3, 12, 0, 0, 0, 0, 0, 0, 2
2, 76, 45, 486, 57, 13, 1, 0, 0, 0, 0, 2
488, 33, 164, 2, 267, 3, 153, 3, 0, 0, 0, 2
147, 17, 493, 3, 13, 1, 1, 0, 0, 0, 0, 2
495, 33, 168, 12, 12, 0, 0, 0, 0, 0, 0, 2
436, 17, 37, 436, 17, 361, 496, 17, 17, 0, 0, 2
174, 3, 251, 1, 13, 17, 0, 0, 0, 0, 0, 2
2, 17, 12, 139, 13, 498, 21, 0, 0, 0, 0, 2
465, 33, 29, 12, 44, 12, 3, 12, 0, 0, 0, 2
44, 4, 65, 3, 501, 1, 0, 0, 0, 0, 0, 2
17, 502, 128, 298, 1, 13, 329, 3, 0, 0, 0, 2
504, 235, 74, 1, 9, 502, 3, 6, 0, 0, 0, 2
17, 21, 115, 505, 13, 459, 0, 0, 0, 0, 0, 2
2, 268, 13, 44, 6, 17, 291, 0, 0, 0, 0, 2
17, 21, 511, 12, 1, 512, 1, 0, 0, 0, 0, 2
17, 2, 513, 514, 17, 0, 0, 0, 0, 0, 0, 2
5, 235, 283, 1, 12, 95, 6, 3, 17, 0, 0, 2
17, 12, 146, 13, 17, 164, 21, 6, 6, 0, 0, 2
515, 171, 2, 516, 3, 1, 0, 0, 0, 0, 0, 2
33, 33, 2, 13, 3, 42, 41, 13, 4, 0, 0, 2
521, 2, 13, 1, 3, 0, 0, 0, 0, 0, 0, 2
113, 6, 171, 185, 1, 1, 3, 17, 0, 0, 0, 2
33, 164, 44, 13, 3, 1, 0, 0, 0, 0, 0, 2
33, 33, 71, 17, 17, 17, 0, 0, 0, 0, 0, 2
527, 235, 3, 1, 1, 0, 0, 0, 0, 0, 0, 2
0, 17, 0, 0, 0, 0, 0, 0, 0, 0, 0, 2
266, 33, 88, 17, 537, 17, 537, 3, 1, 1, 1, 2
200, 152, 164, 1, 3, 1, 1, 0, 0, 0, 0, 2
2, 4, 539, 2, 244, 1, 0, 0, 0, 0, 0, 2
17, 17, 164, 54, 13, 1, 0, 0, 0, 0, 0, 2
119, 4, 65, 12, 166, 13, 24, 3, 0, 0, 0, 2
17, 17, 98, 12, 5, 270, 543, 12, 1, 361, 0, 2
33, 17, 537, 17, 537, 54, 13, 7, 64, 0, 0, 2
240, 89, 88, 363, 42, 544, 0, 0, 0, 0, 0, 2
545, 509, 128, 3, 42, 6, 3, 361, 0, 0, 0, 2
234, 6, 53, 44, 9, 12, 12, 0, 0, 0, 0, 2
5, 5, 12, 17, 1, 53, 222, 3, 0, 0, 0, 2
259, 17, 171, 27, 547, 6, 548, 0, 0, 0, 0, 2
17, 335, 5, 5, 203, 12, 33, 0, 0, 0, 0, 2
82, 5, 21, 13, 17, 223, 62, 12, 239, 0, 0, 2
33, 33, 13, 532, 335, 12, 0, 0, 0, 0, 0, 2
131, 17, 44, 9, 17, 223, 101, 12, 0, 0, 0, 2
474, 17, 42, 292, 1, 12, 12, 12, 0, 0, 0, 2
17, 358, 65, 17, 3, 168, 1, 0, 0, 0, 0, 2
2, 1, 17, 2, 12, 0, 0, 0, 0, 0, 0, 2
240, 96, 3, 209, 42, 1, 1, 565, 0, 0, 0, 2
266, 33, 29, 35, 1, 290, 3, 0, 0, 0, 0, 2
441, 33, 570, 98, 13, 141, 6, 0, 0, 0, 0, 2
2, 571, 3, 23, 6, 6, 84, 0, 0, 0, 0, 2
111, 337, 572, 21, 21, 0, 0, 0, 0, 0, 0, 2
2, 4, 87, 91, 13, 64, 9, 17, 1, 0, 0, 2
33, 33, 29, 575, 576, 17, 0, 0, 0, 0, 0, 2
5, 12, 9, 1, 13, 9, 244, 17, 0, 0, 0, 2
581, 1, 98, 12, 243, 56, 3, 57, 0, 0, 0, 2
17, 537, 17, 537, 17, 582, 159, 17, 505, 0, 0, 2
35, 1, 29, 12, 101, 13, 17, 0, 0, 0, 0, 2
33, 33, 12, 1, 1, 3, 0, 0, 0, 0, 0, 2
11, 1, 17, 537, 17, 537, 17, 44, 587, 510, 204, 2
523, 33, 12, 23, 1, 542, 12, 419, 0, 0, 0, 2
43, 5, 13, 23, 6, 591, 1, 0, 0, 0, 0, 2
33, 33, 112, 10, 1, 0, 0, 0, 0, 0, 0, 2
435, 20, 53, 598, 17, 182, 1, 9, 524, 0, 0, 2
202, 166, 337, 17, 3, 599, 33, 0, 0, 0, 0, 2
17, 17, 528, 298, 6, 9, 480, 12, 0, 0, 0, 2
5, 5, 85, 13, 225, 47, 601, 0, 0, 0, 0, 2
156, 5, 12, 23, 3, 17, 3, 0, 0, 0, 0, 2
33, 603, 13, 17, 13, 17, 0, 0, 0, 0, 0, 2
134, 12, 34, 605, 1, 13, 17, 0, 0, 0, 0, 2
408, 270, 181, 1, 609, 13, 3, 21, 0, 0, 0, 2
595, 1, 71, 12, 72, 0, 0, 0, 0, 0, 0, 2
33, 191, 53, 12, 3, 17, 0, 0, 0, 0, 0, 2
266, 33, 88, 117, 12, 505, 13, 68, 6, 0, 0, 2
616, 33, 172, 3, 0, 0, 0, 0, 0, 0, 0, 2
17, 17, 378, 21, 9, 163, 496, 163, 0, 0, 0, 2
624, 33, 625, 341, 3, 245, 0, 0, 0, 0, 0, 2
159, 12, 172, 13, 7, 480, 17, 0, 0, 0, 0, 2
2, 124, 2, 61, 166, 49, 269, 503, 0, 0, 0, 2
2, 17, 85, 13, 42, 1, 0, 0, 0, 0, 0, 2
583, 12, 12, 2, 390, 9, 1, 0, 0, 0, 0, 2
13, 1, 337, 3, 3, 1, 0, 0, 0, 0, 0, 2
232, 33, 0, 0, 0, 0, 0, 0, 0, 0, 0, 2
5, 633, 13, 1, 1, 0, 0, 0, 0, 0, 0, 2
174, 17, 26, 12, 6, 162, 3, 163, 0, 0, 0, 2
247, 17, 0, 0, 0, 0, 0, 0, 0, 0, 0, 2
12, 300, 9, 3, 139, 3, 0, 0, 0, 0, 0, 2
523, 33, 639, 640, 3, 6, 13, 1, 0, 0, 0, 2
4, 17, 641, 12, 2, 12, 94, 0, 0, 0, 0, 2
259, 33, 511, 644, 106, 0, 0, 0, 0, 0, 0, 2
33, 33, 86, 64, 1, 0, 0, 0, 0, 0, 0, 2
573, 33, 167, 44, 239, 0, 0, 0, 0, 0, 0, 2
2, 6, 13, 12, 214, 64, 263, 0, 0, 0, 0, 2
523, 33, 647, 17, 12, 3, 1, 0, 0, 0, 0, 2
523, 33, 12, 241, 13, 1, 0, 0, 0, 0, 0, 2
33, 648, 447, 209, 27, 0, 0, 0, 0, 0, 0, 2
113, 12, 3, 609, 503, 13, 17, 124, 0, 0, 0, 2
2, 655, 2, 122, 36, 6, 12, 17, 0, 0, 0, 2
17, 17, 202, 166, 605, 3, 64, 0, 0, 0, 0, 2
113, 20, 6, 570, 6, 6, 0, 0, 0, 0, 0, 2
17, 660, 62, 87, 661, 13, 42, 522, 0, 0, 0, 2
17, 33, 98, 115, 52, 6, 3, 516, 0, 0, 0, 2
441, 33, 13, 3, 57, 0, 0, 0, 0, 0, 0, 2
110, 5, 2, 9, 17, 17, 0, 0, 0, 0, 0, 2
6, 187, 3, 3, 154, 10, 1, 0, 0, 0, 0, 2
43, 82, 235, 664, 13, 3, 12, 0, 0, 0, 0, 2
266, 33, 34, 2, 124, 96, 154, 1, 0, 0, 0, 2
4, 33, 337, 12, 3, 665, 154, 17, 17, 0, 0, 2
234, 3, 13, 1, 9, 1, 1, 0, 0, 0, 0, 2
4, 669, 608, 13, 12, 12, 149, 260, 0, 0, 0, 2
186, 5, 17, 670, 13, 122, 1, 0, 0, 0, 0, 2
17, 21, 110, 12, 672, 5, 47, 0, 0, 0, 0, 2
2, 1, 13, 524, 12, 53, 17, 0, 0, 0, 0, 2
35, 41, 2, 1, 3, 3, 115, 13, 3, 0, 0, 2
5, 391, 3, 3, 64, 1, 0, 0, 0, 0, 0, 2
444, 143, 164, 3, 17, 265, 1, 0, 0, 0, 0, 2
651, 678, 12, 12, 12, 154, 1, 0, 0, 0, 0, 2
523, 33, 98, 12, 522, 1, 0, 0, 0, 0, 0, 2
43, 5, 17, 17, 21, 682, 683, 6, 0, 0, 0, 2
2, 3, 17, 0, 0, 0, 0, 0, 0, 0, 0, 2
33, 33, 71, 685, 12, 0, 17, 0, 0, 0, 0, 2
33, 191, 172, 12, 175, 17, 689, 0, 0, 0, 0, 2
523, 33, 172, 12, 3, 42, 52, 6, 12, 0, 0, 2
113, 111, 2, 12, 691, 692, 0, 0, 0, 0, 0, 2
158, 5, 26, 232, 96, 1, 13, 258, 0, 0, 0, 2
4, 694, 13, 17, 312, 13, 695, 64, 0, 0, 0, 2
0, 17, 17, 1, 126, 17, 93, 0, 0, 0, 0, 2
12, 171, 27, 3, 697, 3, 0, 0, 0, 0, 0, 2
581, 17, 391, 5, 512, 345, 9, 68, 0, 0, 0, 2
2, 382, 12, 175, 163, 12, 0, 0, 0, 0, 0, 2
403, 67, 71, 354, 698, 21, 0, 0, 0, 0, 0, 2
33, 33, 361, 3, 1, 1, 0, 0, 0, 0, 0, 2
33, 33, 65, 117, 3, 13, 154, 1, 0, 0, 0, 2
17, 17, 378, 3, 163, 13, 251, 241, 0, 0, 0, 2
5, 37, 576, 12, 44, 9, 12, 702, 0, 0, 0, 2
704, 4, 705, 6, 0, 0, 0, 0, 0, 0, 0, 2
17, 17, 605, 17, 17, 44, 44, 0, 0, 0, 0, 2
707, 33, 12, 12, 12, 702, 0, 0, 0, 0, 0, 2
2, 4, 12, 1, 2, 13, 44, 0, 0, 0, 0, 2
343, 33, 26, 2, 265, 6, 88, 33, 0, 0, 0, 2
12, 1, 88, 44, 3, 17, 9, 17, 0, 0, 0, 2
147, 12, 12, 646, 3, 1, 0, 0, 0, 0, 0, 2
715, 5, 172, 3, 64, 275, 154, 17, 17, 0, 0, 2
19, 235, 249, 718, 6, 13, 1, 0, 0, 0, 0, 2
379, 3, 6, 84, 3, 141, 1, 0, 0, 0, 0, 2
11, 12, 88, 6, 13, 292, 4, 0, 0, 0, 0, 2
2, 12, 9, 1, 214, 153, 17, 0, 0, 0, 0, 2
39, 723, 724, 86, 1, 3, 1, 725, 0, 0, 0, 2
156, 5, 171, 21, 13, 154, 17, 17, 0, 0, 0, 2
0, 17, 164, 9, 1, 96, 17, 0, 0, 0, 0, 2
238, 4, 31, 13, 1, 107, 13, 1, 0, 0, 0, 2
5, 730, 49, 1, 1, 13, 731, 0, 0, 0, 0, 2
2, 732, 154, 6, 3, 0, 0, 0, 0, 0, 0, 2
97, 12, 3, 162, 524, 12, 0, 0, 0, 0, 0, 2
5, 12, 9, 6, 13, 84, 115, 268, 0, 0, 0, 2
170, 564, 0, 0, 0, 0, 0, 0, 0, 0, 0, 2
170, 1, 34, 1, 12, 2, 172, 0, 0, 0, 0, 2
33, 287, 115, 12, 6, 13, 1, 13, 6, 0, 0, 2
257, 5, 87, 597, 267, 166, 138, 1, 0, 0, 0, 2
12, 6, 13, 3, 84, 6, 0, 0, 0, 0, 0, 2
488, 33, 44, 13, 146, 1, 299, 12, 0, 0, 0, 2
266, 33, 65, 3, 3, 13, 563, 1, 0, 0, 0, 2
247, 1, 325, 13, 3, 0, 0, 0, 0, 0, 0, 2
5, 738, 531, 3, 17, 3, 3, 1, 0, 0, 0, 2
35, 12, 171, 6, 0, 36, 0, 0, 0, 0, 0, 2
2, 3, 2, 6, 87, 12, 447, 17, 0, 0, 0, 2
33, 306, 13, 1, 1, 0, 0, 0, 0, 0, 0, 2
68, 3, 1, 13, 176, 3, 1, 1, 0, 0, 0, 2
523, 33, 171, 743, 17, 335, 330, 44, 0, 0, 0, 2
17, 746, 13, 1, 4, 612, 83, 0, 0, 0, 0, 2
747, 12, 164, 254, 410, 12, 3, 64, 0, 0, 0, 2
19, 3, 560, 4, 1, 12, 0, 0, 0, 0, 0, 2
33, 33, 87, 6, 12, 13, 193, 0, 0, 0, 0, 2
186, 5, 164, 3, 6, 3, 4, 0, 0, 0, 0, 2
474, 17, 87, 2, 51, 21, 3, 0, 0, 0, 0, 2
247, 193, 72, 13, 1, 3, 0, 0, 0, 0, 0, 2
12, 17, 88, 12, 0, 0, 0, 0, 0, 0, 0, 2
2, 1, 478, 1, 4, 0, 0, 0, 0, 0, 0, 2
2, 12, 556, 3, 9, 1, 0, 0, 0, 0, 0, 2
17, 12, 167, 3, 12, 6, 753, 0, 0, 0, 0, 2
581, 4, 0, 0, 0, 0, 0, 0, 0, 0, 0, 2
5, 10, 8, 2, 11, 0, 0, 0, 0, 0, 0, 2
33, 16, 34, 2, 16, 35, 0, 0, 0, 0, 0, 2
22, 42, 43, 38, 16, 0, 0, 0, 0, 0, 0, 2
46, 16, 47, 0, 0, 0, 0, 0, 0, 0, 0, 2
17, 42, 18, 19, 20, 2, 21, 16, 0, 0, 0, 2
57, 10, 58, 0, 0, 0, 0, 0, 0, 0, 0, 2
59, 60, 2, 61, 0, 0, 0, 0, 0, 0, 0, 2
67, 42, 47, 0, 0, 0, 0, 0, 0, 0, 0, 2
41, 10, 39, 31, 68, 0, 0, 0, 0, 0, 0, 2
56, 16, 62, 23, 72, 76, 0, 0, 0, 0, 0, 2
42, 42, 23, 31, 16, 0, 0, 0, 0, 0, 0, 2
79, 80, 26, 2, 81, 82, 0, 0, 0, 0, 0, 2
92, 93, 36, 39, 39, 0, 0, 0, 0, 0, 0, 2
38, 24, 90, 31, 16, 0, 0, 0, 0, 0, 0, 2
96, 93, 97, 98, 72, 0, 0, 0, 0, 0, 0, 2
92, 99, 100, 101, 39, 0, 0, 0, 0, 0, 0, 2
56, 16, 102, 2, 103, 72, 0, 0, 0, 0, 0, 2
106, 16, 107, 39, 39, 0, 0, 0, 0, 0, 0, 2
115, 42, 116, 22, 117, 0, 0, 0, 0, 0, 0, 2
59, 118, 74, 31, 75, 16, 0, 0, 0, 0, 0, 2
42, 42, 36, 2, 119, 61, 0, 0, 0, 0, 0, 2
42, 42, 120, 121, 122, 0, 0, 0, 0, 0, 0, 2
42, 42, 120, 53, 22, 123, 2, 124, 16, 125, 0, 2
129, 42, 26, 72, 31, 75, 0, 0, 0, 0, 0, 2
42, 42, 97, 31, 131, 16, 2, 16, 35, 0, 0, 2
93, 1, 133, 2, 134, 135, 0, 0, 0, 0, 0, 2
136, 137, 138, 31, 139, 2, 29, 0, 0, 0, 0, 2
42, 42, 140, 38, 27, 0, 0, 0, 0, 0, 0, 2
93, 93, 142, 2, 143, 16, 0, 0, 0, 0, 0, 2
42, 42, 142, 53, 16, 2, 29, 0, 0, 0, 0, 2
22, 146, 22, 147, 29, 0, 0, 0, 0, 0, 0, 2
22, 21, 41, 148, 2, 134, 149, 0, 0, 0, 0, 2
42, 42, 100, 152, 75, 153, 0, 0, 0, 0, 0, 2
93, 99, 26, 39, 155, 31, 82, 0, 0, 0, 0, 2
22, 158, 18, 159, 160, 39, 0, 0, 0, 0, 0, 2
42, 42, 13, 72, 72, 2, 29, 0, 0, 0, 0, 2
144, 42, 36, 162, 29, 39, 0, 0, 0, 0, 0, 2
124, 163, 112, 31, 16, 16, 0, 0, 0, 0, 0, 2
42, 42, 13, 38, 16, 27, 111, 0, 0, 0, 0, 2
79, 42, 100, 166, 16, 31, 0, 0, 0, 0, 0, 2
106, 16, 23, 39, 38, 16, 31, 16, 0, 0, 0, 2
170, 93, 140, 27, 27, 38, 82, 0, 0, 0, 0, 2
174, 42, 112, 27, 29, 0, 0, 0, 0, 0, 0, 2
42, 42, 90, 38, 175, 2, 73, 0, 0, 0, 0, 2
176, 16, 13, 38, 29, 177, 0, 0, 0, 0, 0, 2
181, 42, 138, 152, 182, 2, 127, 0, 0, 0, 0, 2
183, 93, 18, 29, 184, 0, 0, 0, 0, 0, 0, 2
38, 31, 63, 38, 27, 27, 0, 0, 0, 0, 0, 2
42, 42, 189, 38, 27, 27, 0, 0, 0, 0, 0, 2
190, 42, 26, 39, 191, 39, 0, 0, 0, 0, 0, 2
183, 192, 26, 38, 38, 193, 0, 0, 0, 0, 0, 2
42, 42, 23, 31, 31, 179, 29, 0, 0, 0, 0, 2
204, 31, 189, 31, 205, 0, 0, 0, 0, 0, 0, 2
42, 42, 13, 31, 209, 16, 0, 0, 0, 0, 0, 2
211, 212, 13, 2, 16, 2, 82, 0, 0, 0, 0, 2
213, 214, 138, 215, 39, 0, 0, 0, 0, 0, 0, 2
218, 219, 102, 31, 134, 149, 0, 0, 0, 0, 0, 2
181, 42, 26, 122, 122, 0, 0, 0, 0, 0, 0, 2
42, 42, 23, 38, 220, 16, 0, 0, 0, 0, 0, 2
42, 42, 41, 38, 31, 29, 0, 0, 0, 0, 0, 2
42, 42, 23, 29, 31, 51, 29, 0, 0, 0, 0, 2
79, 42, 120, 38, 221, 29, 0, 0, 0, 0, 0, 2
42, 42, 97, 222, 29, 0, 0, 0, 0, 0, 0, 2
22, 182, 29, 31, 0, 0, 0, 0, 0, 0, 0, 2
42, 42, 22, 31, 16, 16, 0, 0, 0, 0, 0, 2
22, 16, 112, 38, 0, 0, 0, 0, 0, 0, 0, 2
56, 16, 138, 2, 234, 146, 0, 0, 0, 0, 0, 2
60, 42, 97, 22, 39, 2, 29, 0, 0, 0, 0, 2
218, 16, 100, 237, 238, 0, 0, 0, 0, 0, 0, 2
242, 243, 244, 39, 39, 0, 0, 0, 0, 0, 0, 2
56, 16, 107, 31, 146, 2, 16, 0, 0, 0, 0, 2
22, 16, 94, 248, 2, 29, 0, 0, 0, 0, 0, 2
42, 42, 142, 38, 16, 0, 0, 0, 0, 0, 0, 2
59, 22, 195, 16, 0, 0, 0, 0, 0, 0, 0, 2
22, 16, 1, 93, 0, 0, 0, 0, 0, 0, 0, 2
42, 249, 18, 39, 39, 0, 0, 0, 0, 0, 0, 2
22, 113, 38, 38, 31, 0, 0, 0, 0, 0, 0, 2
22, 16, 112, 39, 0, 0, 0, 0, 0, 0, 0, 2
46, 16, 2, 113, 0, 0, 0, 0, 0, 0, 0, 2
56, 16, 258, 0, 0, 0, 0, 0, 0, 0, 0, 2
261, 262, 97, 0, 0, 0, 0, 0, 0, 0, 0, 2
22, 264, 265, 0, 0, 0, 0, 0, 0, 0, 0, 2
2, 16, 48, 49, 2, 16, 0, 0, 0, 0, 0, 2
29, 16, 186, 38, 16, 0, 0, 0, 0, 0, 0, 2
42, 67, 33, 2, 16, 0, 0, 0, 0, 0, 0, 2
42, 42, 274, 275, 0, 0, 0, 0, 0, 0, 0, 2
282, 283, 284, 2, 146, 0, 0, 0, 0, 0, 0, 2
287, 42, 90, 38, 29, 72, 0, 0, 0, 0, 0, 2
79, 42, 13, 38, 27, 289, 31, 0, 0, 0, 0, 2
42, 42, 47, 2, 246, 16, 0, 0, 0, 0, 0, 2
22, 16, 94, 248, 29, 29, 0, 0, 0, 0, 0, 2
106, 16, 23, 38, 31, 29, 0, 0, 0, 0, 0, 2
42, 42, 18, 38, 292, 293, 294, 0, 0, 0, 0, 2
42, 42, 90, 38, 246, 296, 29, 29, 0, 0, 0, 2
79, 42, 26, 53, 16, 2, 126, 279, 0, 0, 0, 2
303, 304, 305, 291, 0, 0, 0, 0, 0, 0, 0, 2
42, 42, 306, 2, 146, 0, 0, 0, 0, 0, 0, 2
93, 93, 138, 38, 27, 50, 29, 0, 0, 0, 0, 2
174, 42, 100, 2, 308, 309, 38, 167, 31, 146, 16, 2
42, 42, 13, 2, 31, 134, 134, 0, 0, 0, 0, 2
313, 212, 314, 2, 315, 316, 0, 0, 0, 0, 0, 2
42, 42, 109, 145, 27, 2, 29, 0, 0, 0, 0, 2
319, 320, 321, 2, 16, 0, 0, 0, 0, 0, 0, 2
42, 42, 306, 37, 0, 323, 2, 29, 0, 0, 0, 2
42, 42, 62, 26, 324, 31, 291, 2, 29, 0, 0, 2
93, 99, 198, 29, 326, 16, 0, 0, 0, 0, 0, 2
334, 93, 26, 335, 2, 29, 0, 0, 0, 0, 0, 2
93, 116, 26, 31, 285, 16, 2, 29, 0, 0, 0, 2
42, 42, 140, 2, 27, 2, 12, 0, 0, 0, 0, 2
5, 341, 63, 0, 0, 0, 0, 0, 0, 0, 0, 2
5, 342, 112, 29, 16, 0, 0, 0, 0, 0, 0, 2
5, 343, 100, 344, 0, 0, 0, 0, 0, 0, 0, 2
42, 42, 305, 16, 0, 0, 0, 0, 0, 0, 0, 2
2, 29, 93, 93, 0, 0, 0, 0, 0, 0, 0, 2
31, 16, 93, 0, 0, 0, 0, 0, 0, 0, 0, 2
31, 16, 93, 0, 0, 0, 0, 0, 0, 0, 0, 2
56, 16, 2, 31, 16, 31, 0, 0, 0, 0, 0, 2
56, 16, 2, 347, 16, 0, 0, 0, 0, 0, 0, 2
59, 22, 31, 27, 0, 0, 0, 0, 0, 0, 0, 2
56, 16, 93, 93, 0, 0, 0, 0, 0, 0, 0, 2
56, 16, 93, 0, 0, 0, 0, 0, 0, 0, 0, 2
2, 16, 102, 22, 31, 0, 0, 0, 0, 0, 0, 2
2, 29, 93, 350, 0, 0, 0, 0, 0, 0, 0, 2
352, 16, 353, 0, 0, 0, 0, 0, 0, 0, 0, 2
22, 16, 353, 0, 0, 0, 0, 0, 0, 0, 0, 2
56, 16, 33, 2, 113, 0, 0, 0, 0, 0, 0, 2
33, 31, 366, 38, 27, 0, 0, 0, 0, 0, 0, 2
42, 42, 116, 2, 234, 367, 0, 0, 0, 0, 0, 2
358, 31, 2, 146, 0, 0, 0, 0, 0, 0, 0, 2
42, 42, 351, 120, 374, 39, 0, 0, 0, 0, 0, 2
42, 376, 26, 39, 2, 29, 16, 0, 0, 0, 0, 2
22, 85, 90, 2, 378, 0, 0, 0, 0, 0, 0, 2
211, 42, 53, 38, 277, 16, 0, 0, 0, 0, 0, 2
42, 42, 36, 384, 83, 39, 0, 0, 0, 0, 0, 2
42, 42, 138, 385, 39, 0, 0, 0, 0, 0, 0, 2
42, 42, 140, 38, 31, 197, 387, 0, 0, 0, 0, 2
42, 42, 140, 38, 27, 27, 0, 0, 0, 0, 0, 2
79, 42, 120, 38, 146, 2, 27, 27, 0, 0, 0, 2
388, 42, 244, 39, 39, 2, 318, 0, 0, 0, 0, 2
42, 42, 112, 324, 31, 82, 2, 131, 16, 0, 0, 2
2, 75, 390, 93, 83, 391, 392, 0, 0, 0, 0, 2
42, 42, 26, 39, 83, 39, 0, 0, 0, 0, 0, 2
259, 16, 186, 39, 39, 0, 0, 0, 0, 0, 0, 2
42, 42, 142, 395, 2, 146, 0, 0, 0, 0, 0, 2
56, 16, 23, 53, 16, 0, 0, 0, 0, 0, 0, 2
42, 42, 23, 167, 16, 0, 0, 0, 0, 0, 0, 2
22, 113, 23, 375, 2, 29, 0, 0, 0, 0, 0, 2
22, 85, 13, 39, 72, 0, 0, 0, 0, 0, 0, 2
93, 93, 63, 38, 0, 0, 0, 0, 0, 0, 0, 2
2, 16, 41, 22, 39, 0, 0, 0, 0, 0, 0, 2
22, 9, 29, 31, 0, 0, 0, 0, 0, 0, 0, 2
22, 31, 26, 38, 31, 0, 0, 0, 0, 0, 0, 2
2, 16, 256, 141, 16, 0, 0, 0, 0, 0, 0, 2
2, 16, 256, 38, 16, 0, 0, 0, 0, 0, 0, 2
2, 16, 256, 38, 82, 0, 0, 0, 0, 0, 0, 2
2, 16, 256, 38, 399, 0, 0, 0, 0, 0, 0, 2
22, 16, 100, 38, 0, 0, 0, 0, 0, 0, 0, 2
29, 16, 362, 72, 0, 0, 0, 0, 0, 0, 0, 2
144, 22, 2, 291, 0, 0, 0, 0, 0, 0, 0, 2
2, 75, 93, 93, 0, 0, 0, 0, 0, 0, 0, 2
22, 95, 401, 72, 0, 0, 0, 0, 0, 0, 0, 2
56, 406, 57, 38, 0, 0, 0, 0, 0, 0, 0, 2
22, 16, 29, 407, 0, 0, 0, 0, 0, 0, 0, 2
31, 24, 22, 0, 0, 0, 0, 0, 0, 0, 0, 2
418, 16, 112, 2, 119, 16, 0, 0, 0, 0, 0, 2
419, 42, 23, 337, 16, 0, 0, 0, 0, 0, 0, 2
204, 31, 426, 0, 0, 0, 0, 0, 0, 0, 0, 2
204, 31, 93, 0, 0, 0, 0, 0, 0, 0, 0, 2
22, 31, 120, 38, 2, 31, 0, 0, 0, 0, 0, 2
396, 31, 157, 0, 0, 0, 0, 0, 0, 0, 0, 2
327, 31, 281, 0, 0, 0, 0, 0, 0, 0, 0, 2
429, 31, 99, 0, 0, 0, 0, 0, 0, 0, 0, 2
22, 31, 434, 93, 0, 0, 0, 0, 0, 0, 0, 2
22, 31, 18, 38, 0, 0, 0, 0, 0, 0, 0, 2
201, 31, 442, 0, 0, 0, 0, 0, 0, 0, 0, 2
69, 31, 434, 0, 0, 0, 0, 0, 0, 0, 0, 2
22, 31, 22, 31, 0, 0, 0, 0, 0, 0, 0, 2
22, 16, 196, 38, 0, 0, 0, 0, 0, 0, 0, 2
56, 31, 38, 0, 0, 0, 0, 0, 0, 0, 0, 2
56, 31, 38, 0, 0, 0, 0, 0, 0, 0, 0, 2
449, 31, 423, 38, 2, 38, 0, 0, 0, 0, 0, 2
22, 31, 26, 38, 38, 31, 0, 0, 0, 0, 0, 2
22, 27, 196, 50, 27, 450, 0, 0, 0, 0, 0, 2
449, 31, 29, 51, 31, 31, 0, 0, 0, 0, 0, 2
22, 31, 41, 454, 455, 29, 31, 0, 0, 0, 0, 2
22, 16, 41, 459, 0, 0, 0, 0, 0, 0, 0, 2
144, 460, 22, 38, 113, 0, 0, 0, 0, 0, 0, 2
42, 42, 26, 38, 75, 0, 0, 0, 0, 0, 0, 2
201, 27, 22, 38, 31, 0, 0, 0, 0, 0, 0, 2
42, 42, 23, 39, 39, 0, 0, 0, 0, 0, 0, 2
183, 192, 29, 462, 31, 61, 0, 0, 0, 0, 0, 2
93, 93, 13, 2, 463, 16, 0, 0, 0, 0, 0, 2
42, 42, 41, 464, 2, 465, 0, 0, 0, 0, 0, 2
22, 22, 2, 31, 466, 31, 0, 0, 0, 0, 0, 2
59, 42, 467, 2, 31, 16, 0, 0, 0, 0, 0, 2
22, 22, 26, 162, 2, 82, 0, 0, 0, 0, 0, 2
468, 42, 138, 2, 31, 175, 0, 0, 0, 0, 0, 2
22, 22, 269, 2, 55, 2, 21, 0, 0, 0, 0, 2
469, 406, 351, 26, 222, 72, 0, 0, 0, 0, 0, 2
471, 42, 13, 38, 27, 27, 0, 0, 0, 0, 0, 2
133, 93, 63, 38, 31, 16, 0, 0, 0, 0, 0, 2
42, 42, 100, 300, 472, 16, 0, 0, 0, 0, 0, 2
22, 253, 41, 72, 72, 2, 108, 0, 0, 0, 0, 2
473, 16, 120, 6, 2, 73, 0, 0, 0, 0, 0, 2
144, 42, 26, 2, 31, 113, 0, 0, 0, 0, 0, 2
22, 42, 142, 207, 210, 16, 2, 29, 0, 0, 0, 2
42, 42, 23, 2, 476, 113, 16, 0, 0, 0, 0, 2
390, 93, 401, 50, 0, 0, 0, 0, 0, 0, 0, 2
22, 16, 36, 38, 29, 0, 0, 0, 0, 0, 0, 2
42, 42, 93, 83, 93, 0, 0, 0, 0, 0, 0, 2
478, 16, 186, 37, 29, 0, 0, 0, 0, 0, 0, 2
56, 127, 13, 53, 16, 0, 0, 0, 0, 0, 0, 2
479, 11, 97, 2, 29, 0, 0, 0, 0, 0, 0, 2
29, 16, 306, 2, 21, 0, 0, 0, 0, 0, 0, 2
69, 386, 90, 2, 38, 0, 0, 0, 0, 0, 0, 2
200, 16, 176, 277, 16, 0, 0, 0, 0, 0, 0, 2
93, 93, 401, 389, 478, 16, 0, 0, 0, 0, 0, 2
22, 16, 62, 41, 0, 0, 0, 0, 0, 0, 0, 2
183, 93, 18, 38, 27, 0, 0, 0, 0, 0, 0, 2
223, 134, 142, 300, 486, 0, 0, 0, 0, 0, 0, 2
487, 113, 138, 38, 16, 0, 0, 0, 0, 0, 0, 2
213, 27, 100, 50, 0, 0, 0, 0, 0, 0, 0, 2
22, 206, 18, 167, 16, 0, 0, 0, 0, 0, 0, 2
42, 42, 488, 2, 38, 0, 0, 0, 0, 0, 0, 2
449, 406, 142, 217, 9, 0, 0, 0, 0, 0, 0, 2
22, 253, 26, 38, 16, 0, 0, 0, 0, 0, 0, 2
42, 42, 13, 228, 66, 0, 0, 0, 0, 0, 0, 2
22, 113, 26, 492, 38, 0, 0, 0, 0, 0, 0, 2
42, 42, 23, 203, 16, 0, 0, 0, 0, 0, 0, 2
93, 154, 36, 145, 31, 0, 0, 0, 0, 0, 0, 2
42, 42, 18, 38, 29, 0, 0, 0, 0, 0, 0, 2
494, 42, 18, 6, 38, 0, 0, 0, 0, 0, 0, 2
93, 93, 138, 300, 29, 0, 0, 0, 0, 0, 0, 2
42, 498, 29, 217, 16, 0, 0, 0, 0, 0, 0, 2
499, 42, 140, 27, 111, 0, 0, 0, 0, 0, 0, 2
22, 16, 33, 188, 16, 0, 0, 0, 0, 0, 0, 2
42, 42, 33, 500, 16, 0, 0, 0, 0, 0, 0, 2
213, 501, 138, 502, 39, 0, 0, 0, 0, 0, 0, 2
494, 42, 112, 167, 503, 0, 0, 0, 0, 0, 0, 2
504, 42, 62, 18, 162, 0, 0, 0, 0, 0, 0, 2
93, 93, 26, 38, 29, 0, 0, 0, 0, 0, 0, 2
42, 42, 13, 27, 27, 0, 0, 0, 0, 0, 0, 2
22, 113, 351, 120, 270, 0, 0, 0, 0, 0, 0, 2
93, 93, 63, 38, 29, 0, 0, 0, 0, 0, 0, 2
170, 99, 112, 2, 31, 29, 0, 0, 0, 0, 0, 2
56, 16, 62, 23, 39, 0, 0, 0, 0, 0, 0, 2
22, 61, 2, 27, 111, 0, 0, 0, 0, 0, 0, 2
42, 42, 13, 2, 148, 0, 0, 0, 0, 0, 0, 2
42, 42, 62, 120, 39, 0, 0, 0, 0, 0, 0, 2
471, 42, 13, 29, 39, 0, 0, 0, 0, 0, 0, 2
449, 16, 62, 107, 2, 182, 0, 0, 0, 0, 0, 2
262, 507, 23, 38, 42, 0, 0, 0, 0, 0, 0, 2
106, 508, 351, 142, 39, 0, 0, 0, 0, 0, 0, 2
213, 16, 133, 1, 2, 148, 0, 0, 0, 0, 0, 2
115, 42, 401, 38, 27, 0, 0, 0, 0, 0, 0, 2
42, 42, 41, 37, 16, 0, 0, 0, 0, 0, 0, 2
60, 42, 13, 73, 39, 0, 0, 0, 0, 0, 0, 2
42, 42, 36, 38, 95, 0, 0, 0, 0, 0, 0, 2
42, 42, 26, 38, 29, 0, 0, 0, 0, 0, 0, 2
42, 42, 102, 145, 253, 0, 0, 0, 0, 0, 0, 2
42, 42, 189, 27, 27, 0, 0, 0, 0, 0, 0, 2
510, 42, 112, 2, 117, 16, 0, 0, 0, 0, 0, 2
22, 22, 2, 27, 27, 0, 0, 0, 0, 0, 0, 2
181, 42, 138, 72, 72, 0, 0, 0, 0, 0, 0, 2
22, 75, 23, 310, 295, 0, 0, 0, 0, 0, 0, 2
59, 42, 198, 300, 12, 0, 0, 0, 0, 0, 0, 2
17, 42, 100, 39, 123, 0, 0, 0, 0, 0, 0, 2
17, 42, 112, 39, 39, 0, 0, 0, 0, 0, 0, 2
183, 93, 22, 38, 27, 0, 0, 0, 0, 0, 0, 2
22, 16, 189, 483, 72, 0, 0, 0, 0, 0, 0, 2
514, 42, 515, 389, 16, 0, 0, 0, 0, 0, 0, 2
10, 42, 57, 516, 39, 0, 0, 0, 0, 0, 0, 2
42, 460, 22, 29, 520, 0, 0, 0, 0, 0, 0, 2
521, 22, 29, 38, 12, 0, 0, 0, 0, 0, 0, 2
22, 16, 22, 522, 16, 0, 0, 0, 0, 0, 0, 2
42, 498, 140, 230, 27, 0, 0, 0, 0, 0, 0, 2
181, 42, 26, 337, 524, 0, 0, 0, 0, 0, 0, 2
42, 42, 90, 38, 31, 0, 0, 0, 0, 0, 0, 2
525, 42, 142, 526, 39, 0, 0, 0, 0, 0, 0, 2
42, 42, 13, 528, 39, 0, 0, 0, 0, 0, 0, 2
42, 42, 90, 38, 206, 0, 0, 0, 0, 0, 0, 2
42, 42, 94, 529, 157, 0, 0, 0, 0, 0, 0, 2
42, 42, 100, 38, 16, 0, 0, 0, 0, 0, 0, 2
452, 16, 112, 39, 39, 0, 0, 0, 0, 0, 0, 2
22, 16, 107, 39, 39, 0, 0, 0, 0, 0, 0, 2
449, 406, 13, 39, 39, 0, 0, 0, 0, 0, 0, 2
42, 42, 142, 530, 16, 0, 0, 0, 0, 0, 0, 2
59, 42, 107, 167, 16, 0, 0, 0, 0, 0, 0, 2
42, 42, 22, 207, 82, 0, 0, 0, 0, 0, 0, 2
42, 22, 2, 31, 82, 0, 0, 0, 0, 0, 0, 2
532, 22, 533, 39, 534, 0, 0, 0, 0, 0, 0, 2
60, 42, 41, 39, 39, 0, 0, 0, 0, 0, 0, 2
535, 27, 23, 38, 31, 27, 0, 0, 0, 0, 0, 2
22, 113, 112, 2, 232, 29, 0, 0, 0, 0, 0, 2
183, 93, 29, 462, 51, 29, 0, 0, 0, 0, 0, 2
22, 27, 26, 2, 31, 82, 0, 0, 0, 0, 0, 2
56, 16, 138, 2, 234, 113, 0, 0, 0, 0, 0, 2
93, 93, 100, 22, 29, 29, 0, 0, 0, 0, 0, 2
49, 93, 41, 483, 72, 0, 0, 0, 0, 0, 0, 2
22, 16, 23, 22, 24, 2, 38, 0, 0, 0, 0, 2
22, 542, 26, 543, 2, 38, 0, 0, 0, 0, 0, 2
42, 42, 18, 2, 27, 27, 0, 0, 0, 0, 0, 2
183, 192, 100, 38, 226, 29, 0, 0, 0, 0, 0, 2
42, 42, 258, 2, 27, 27, 0, 0, 0, 0, 0, 2
545, 42, 112, 38, 260, 27, 0, 0, 0, 0, 0, 2
22, 16, 120, 29, 22, 27, 0, 0, 0, 0, 0, 2
22, 16, 23, 375, 2, 29, 0, 0, 0, 0, 0, 2
42, 42, 63, 39, 39, 39, 0, 0, 0, 0, 0, 2
239, 42, 23, 38, 312, 16, 0, 0, 0, 0, 0, 2
42, 42, 26, 2, 31, 12, 16, 0, 0, 0, 0, 2
548, 549, 26, 38, 16, 82, 0, 0, 0, 0, 0, 2
181, 42, 90, 39, 31, 182, 0, 0, 0, 0, 0, 2
391, 93, 138, 167, 550, 2, 148, 0, 0, 0, 0, 2
42, 42, 97, 38, 16, 29, 0, 0, 0, 0, 0, 2
29, 16, 109, 72, 50, 29, 0, 0, 0, 0, 0, 2
42, 553, 112, 39, 2, 27, 0, 0, 0, 0, 0, 2
449, 406, 13, 39, 2, 16, 0, 0, 0, 0, 0, 2
93, 93, 63, 38, 27, 2, 16, 0, 0, 0, 0, 2
477, 93, 26, 2, 131, 550, 0, 0, 0, 0, 0, 2
93, 93, 41, 145, 127, 2, 29, 0, 0, 0, 0, 2
42, 42, 90, 50, 3, 456, 0, 0, 0, 0, 0, 2
239, 42, 142, 39, 2, 38, 0, 0, 0, 0, 0, 2
555, 29, 18, 38, 16, 253, 0, 0, 0, 0, 0, 2
556, 42, 26, 2, 39, 2, 12, 0, 0, 0, 0, 2
557, 42, 26, 39, 2, 16, 0, 0, 0, 0, 0, 2
22, 16, 26, 2, 31, 520, 0, 0, 0, 0, 0, 2
93, 93, 198, 480, 51, 291, 0, 0, 0, 0, 0, 2
42, 42, 62, 100, 558, 0, 0, 0, 0, 0, 0, 2
59, 42, 94, 2, 559, 21, 0, 0, 0, 0, 0, 2
42, 560, 26, 389, 16, 0, 0, 0, 0, 0, 0, 2
59, 42, 142, 39, 2, 31, 75, 0, 0, 0, 0, 2
514, 42, 138, 217, 16, 16, 0, 0, 0, 0, 0, 2
42, 42, 23, 38, 16, 2, 29, 0, 0, 0, 0, 2
106, 16, 23, 38, 31, 29, 0, 0, 0, 0, 0, 2
59, 42, 41, 270, 2, 29, 0, 0, 0, 0, 0, 2
562, 42, 41, 38, 16, 2, 29, 0, 0, 0, 0, 2
59, 42, 100, 29, 31, 182, 0, 0, 0, 0, 0, 2
59, 42, 467, 2, 31, 29, 0, 0, 0, 0, 0, 2
56, 9, 26, 72, 72, 2, 82, 0, 0, 0, 0, 2
22, 24, 94, 53, 564, 16, 0, 0, 0, 0, 0, 2
449, 406, 23, 565, 2, 16, 16, 0, 0, 0, 0, 2
22, 127, 306, 2, 21, 2, 108, 0, 0, 0, 0, 2
183, 93, 29, 566, 567, 0, 0, 0, 0, 0, 0, 2
29, 16, 112, 38, 16, 0, 0, 0, 0, 0, 0, 2
42, 42, 23, 431, 72, 2, 82, 0, 0, 0, 0, 2
42, 42, 13, 38, 16, 2, 29, 0, 0, 0, 0, 2
42, 42, 23, 22, 38, 72, 0, 0, 0, 0, 0, 2
93, 93, 26, 39, 39, 2, 29, 0, 0, 0, 0, 2
449, 16, 120, 121, 72, 2, 29, 0, 0, 0, 0, 2
569, 570, 112, 39, 2, 571, 0, 0, 0, 0, 0, 2
429, 16, 186, 484, 31, 29, 0, 0, 0, 0, 0, 2
204, 16, 269, 2, 38, 0, 0, 0, 0, 0, 0, 2
46, 16, 186, 203, 75, 91, 0, 0, 0, 0, 0, 2
305, 16, 100, 38, 31, 2, 29, 0, 0, 0, 0, 2
42, 42, 107, 38, 253, 16, 0, 0, 0, 0, 0, 2
42, 42, 63, 38, 16, 16, 0, 0, 0, 0, 0, 2
477, 93, 90, 490, 171, 16, 0, 0, 0, 0, 0, 2
22, 35, 196, 39, 38, 16, 0, 0, 0, 0, 0, 2
42, 42, 112, 53, 16, 2, 16, 0, 0, 0, 0, 2
449, 406, 16, 142, 38, 486, 16, 0, 0, 0, 0, 2
115, 42, 26, 38, 31, 16, 0, 0, 0, 0, 0, 2
42, 42, 26, 375, 2, 16, 0, 0, 0, 0, 0, 2
468, 42, 62, 140, 72, 72, 0, 0, 0, 0, 0, 2
42, 42, 23, 167, 31, 29, 0, 0, 0, 0, 0, 2
59, 42, 120, 38, 407, 2, 29, 0, 0, 0, 0, 2
42, 42, 26, 333, 2, 234, 175, 61, 0, 0, 0, 2
42, 42, 13, 203, 16, 16, 0, 0, 0, 0, 0, 2
42, 42, 107, 31, 51, 31, 82, 0, 0, 0, 0, 2
59, 42, 23, 39, 2, 29, 0, 0, 0, 0, 0, 2
334, 93, 90, 72, 72, 0, 0, 0, 0, 0, 0, 2
532, 22, 306, 39, 2, 29, 0, 0, 0, 0, 0, 2
429, 206, 16, 23, 576, 39, 0, 0, 0, 0, 0, 2
429, 16, 120, 207, 16, 2, 16, 0, 0, 0, 0, 2
59, 42, 97, 577, 2, 31, 16, 0, 0, 0, 0, 2
22, 16, 23, 38, 169, 16, 0, 0, 0, 0, 0, 2
213, 117, 112, 38, 16, 22, 0, 0, 0, 0, 0, 2
42, 42, 63, 578, 39, 2, 29, 0, 0, 0, 0, 2
42, 42, 90, 580, 82, 29, 0, 0, 0, 0, 0, 2
22, 22, 23, 207, 296, 31, 0, 0, 0, 0, 0, 2
426, 93, 62, 18, 2, 131, 113, 0, 0, 0, 0, 2
22, 113, 18, 480, 29, 0, 0, 0, 0, 0, 0, 2
445, 27, 140, 2, 29, 0, 0, 0, 0, 0, 0, 2
93, 93, 581, 543, 72, 0, 0, 0, 0, 0, 0, 2
268, 192, 140, 2, 31, 16, 0, 0, 0, 0, 0, 2
29, 253, 29, 389, 27, 0, 0, 0, 0, 0, 0, 2
59, 42, 78, 2, 143, 29, 0, 0, 0, 0, 0, 2
22, 113, 26, 38, 113, 0, 0, 0, 0, 0, 0, 2
42, 42, 13, 29, 578, 0, 0, 0, 0, 0, 0, 2
22, 127, 90, 2, 38, 0, 0, 0, 0, 0, 0, 2
258, 99, 138, 584, 29, 0, 0, 0, 0, 0, 0, 2
449, 22, 41, 585, 586, 0, 0, 0, 0, 0, 0, 2
22, 16, 100, 2, 550, 0, 0, 0, 0, 0, 0, 2
587, 42, 138, 38, 29, 0, 0, 0, 0, 0, 0, 2
22, 400, 26, 229, 39, 0, 0, 0, 0, 0, 0, 2
46, 31, 120, 39, 39, 0, 0, 0, 0, 0, 0, 2
42, 42, 100, 480, 588, 0, 0, 0, 0, 0, 0, 2
42, 42, 26, 484, 16, 0, 0, 0, 0, 0, 0, 2
29, 16, 22, 590, 82, 0, 0, 0, 0, 0, 0, 2
449, 406, 23, 38, 0, 0, 0, 0, 0, 0, 0, 2
42, 42, 13, 27, 356, 0, 0, 0, 0, 0, 0, 2
449, 406, 23, 38, 82, 0, 0, 0, 0, 0, 0, 2
42, 42, 22, 462, 459, 0, 0, 0, 0, 0, 0, 2
468, 42, 140, 167, 16, 0, 0, 0, 0, 0, 0, 2
204, 16, 186, 29, 253, 0, 0, 0, 0, 0, 0, 2
468, 596, 597, 39, 38, 0, 0, 0, 0, 0, 0, 2
468, 42, 26, 38, 29, 0, 0, 0, 0, 0, 0, 2
42, 42, 23, 39, 39, 0, 0, 0, 0, 0, 0, 2
29, 340, 198, 592, 2, 38, 0, 0, 0, 0, 0, 2
468, 42, 18, 577, 281, 29, 0, 0, 0, 0, 0, 2
604, 93, 100, 29, 16, 605, 0, 0, 0, 0, 0, 2
449, 406, 23, 22, 2, 606, 0, 0, 0, 0, 0, 2
42, 22, 2, 602, 609, 29, 0, 0, 0, 0, 0, 2
42, 42, 18, 213, 29, 610, 0, 0, 0, 0, 0, 2
42, 42, 23, 38, 38, 506, 0, 0, 0, 0, 0, 2
429, 42, 109, 39, 145, 16, 0, 0, 0, 0, 0, 2
239, 42, 23, 2, 9, 373, 0, 0, 0, 0, 0, 2
449, 16, 120, 38, 16, 611, 0, 0, 0, 0, 0, 2
42, 42, 23, 42, 2, 182, 0, 0, 0, 0, 0, 2
42, 42, 23, 616, 617, 16, 0, 0, 0, 0, 0, 2
42, 42, 100, 29, 621, 29, 0, 0, 0, 0, 0, 2
280, 93, 142, 162, 39, 38, 0, 0, 0, 0, 0, 2
42, 42, 23, 167, 406, 600, 0, 0, 0, 0, 0, 2
469, 16, 26, 39, 39, 39, 0, 0, 0, 0, 0, 2
42, 42, 90, 72, 623, 2, 38, 0, 0, 0, 0, 2
22, 22, 38, 624, 31, 16, 0, 0, 0, 0, 0, 2
22, 22, 38, 624, 31, 16, 0, 0, 0, 0, 0, 2
42, 42, 18, 29, 157, 2, 82, 0, 0, 0, 0, 2
449, 406, 23, 38, 0, 0, 0, 0, 0, 0, 0, 2
11, 12, 4, 2, 12, 13, 3, 1, 0, 0, 0, 3
17, 17, 21, 22, 9, 23, 24, 1, 0, 0, 0, 3
39, 17, 17, 3, 40, 0, 0, 0, 0, 0, 0, 3
17, 61, 17, 62, 63, 13, 64, 44, 0, 0, 0, 3
2, 42, 1, 3, 77, 9, 1, 12, 0, 0, 0, 3
92, 93, 1, 94, 95, 96, 1, 0, 0, 0, 0, 3
73, 73, 12, 13, 17, 96, 17, 0, 0, 0, 0, 3
33, 33, 103, 0, 0, 0, 0, 0, 0, 0, 0, 3
2, 1, 1, 9, 52, 6, 6, 0, 0, 0, 0, 3
17, 17, 140, 3, 17, 1, 0, 0, 0, 0, 0, 3
2, 21, 144, 145, 12, 74, 1, 0, 0, 0, 0, 3
55, 146, 1, 37, 46, 1, 9, 10, 0, 0, 0, 3
5, 5, 116, 12, 98, 33, 93, 0, 0, 0, 0, 3
2, 12, 207, 88, 208, 6, 65, 2, 10, 0, 0, 3
75, 84, 3, 213, 3, 1, 77, 0, 0, 0, 0, 3
113, 4, 12, 12, 88, 230, 231, 232, 0, 0, 0, 3
2, 1, 1, 237, 1, 6, 228, 1, 0, 0, 0, 3
9, 3, 4, 88, 125, 41, 0, 0, 0, 0, 0, 3
147, 21, 96, 6, 6, 13, 83, 0, 0, 0, 0, 3
2, 3, 17, 9, 163, 0, 0, 0, 0, 0, 0, 3
274, 110, 17, 275, 3, 3, 0, 0, 0, 0, 0, 3
2, 183, 282, 283, 165, 166, 0, 0, 0, 0, 0, 3
202, 165, 286, 235, 23, 4, 3, 0, 0, 0, 0, 3
6, 89, 9, 7, 42, 1, 0, 0, 0, 0, 0, 3
289, 1, 1, 3, 263, 3, 0, 0, 0, 0, 0, 3
2, 291, 1, 2, 292, 6, 3, 0, 0, 0, 0, 3
200, 3, 17, 6, 171, 300, 301, 0, 0, 0, 0, 3
2, 17, 17, 17, 6, 2, 33, 195, 0, 0, 0, 3
82, 5, 5, 2, 6, 44, 49, 17, 17, 0, 0, 3
82, 5, 12, 6, 168, 1, 330, 0, 0, 0, 0, 3
9, 154, 17, 72, 111, 337, 21, 12, 0, 0, 0, 3
55, 27, 12, 65, 12, 1, 17, 0, 0, 0, 0, 3
343, 33, 33, 65, 198, 359, 245, 0, 0, 0, 0, 3
17, 363, 335, 62, 364, 3, 283, 1, 0, 0, 0, 3
2, 17, 17, 37, 13, 3, 1, 377, 0, 0, 0, 3
256, 3, 12, 145, 21, 12, 0, 0, 0, 0, 0, 3
200, 17, 1, 390, 3, 17, 17, 17, 0, 0, 0, 3
397, 116, 398, 3, 17, 214, 1, 0, 0, 0, 0, 3
270, 5, 2, 1, 13, 17, 0, 0, 0, 0, 0, 3
408, 409, 12, 199, 13, 283, 6, 410, 0, 0, 0, 3
12, 12, 411, 9, 165, 166, 3, 12, 0, 0, 0, 3
240, 5, 412, 1, 1, 101, 12, 0, 0, 0, 0, 3
2, 17, 3, 13, 414, 6, 6, 12, 0, 0, 0, 3
113, 12, 411, 329, 3, 17, 12, 0, 0, 0, 0, 3
127, 13, 423, 17, 424, 44, 13, 425, 0, 0, 0, 3
50, 5, 433, 71, 61, 166, 206, 0, 0, 0, 0, 3
2, 141, 1, 13, 6, 6, 409, 17, 0, 0, 0, 3
444, 3, 1, 17, 13, 445, 4, 0, 0, 0, 0, 3
454, 12, 1, 88, 12, 44, 12, 5, 0, 0, 0, 3
6, 5, 5, 3, 12, 17, 6, 0, 0, 0, 0, 3
5, 3, 17, 88, 125, 458, 3, 17, 0, 0, 0, 3
247, 3, 17, 8, 12, 3, 1, 0, 0, 0, 0, 3
33, 2, 21, 3, 1, 328, 0, 0, 0, 0, 0, 3
174, 3, 6, 13, 17, 0, 0, 0, 0, 0, 0, 3
158, 44, 12, 13, 3, 100, 17, 0, 0, 0, 0, 3
5, 5, 482, 12, 6, 44, 9, 483, 269, 0, 0, 3
113, 1, 1, 13, 335, 12, 0, 0, 0, 0, 0, 3
2, 3, 17, 22, 484, 44, 17, 0, 0, 0, 0, 3
2, 3, 3, 13, 436, 489, 490, 1, 6, 0, 0, 3
5, 110, 3, 13, 3, 292, 10, 12, 0, 0, 0, 3
11, 3, 17, 88, 33, 13, 17, 223, 12, 0, 0, 3
178, 3, 17, 3, 3, 445, 12, 0, 0, 0, 0, 3
2, 17, 17, 507, 269, 6, 0, 0, 0, 0, 0, 3
73, 3, 267, 517, 13, 12, 0, 0, 0, 0, 0, 3
2, 17, 17, 11, 1, 12, 67, 518, 0, 0, 0, 3
110, 2, 5, 9, 3, 3, 1, 1, 0, 0, 0, 3
33, 33, 51, 37, 332, 42, 520, 3, 36, 0, 0, 3
2, 261, 3, 13, 165, 17, 3, 6, 0, 0, 0, 3
125, 522, 1, 382, 3, 1, 0, 0, 0, 0, 0, 3
258, 4, 96, 141, 1, 3, 0, 0, 0, 0, 0, 3
113, 6, 6, 3, 64, 13, 532, 335, 0, 0, 0, 3
343, 496, 1, 2, 12, 1, 6, 0, 0, 0, 0, 3
43, 534, 5, 3, 42, 6, 3, 0, 0, 0, 0, 3
444, 458, 1, 6, 6, 13, 1, 1, 0, 0, 0, 3
232, 33, 33, 0, 0, 0, 0, 0, 0, 0, 0, 3
33, 33, 12, 203, 3, 546, 6, 0, 0, 0, 0, 3
33, 3, 6, 52, 550, 1, 77, 0, 0, 0, 0, 3
113, 7, 1, 12, 3, 1, 551, 0, 0, 0, 0, 3
504, 13, 17, 71, 216, 13, 506, 241, 0, 0, 0, 3
2, 80, 12, 9, 552, 98, 2, 0, 0, 0, 0, 3
553, 3, 235, 283, 554, 17, 0, 0, 0, 0, 0, 3
556, 267, 229, 557, 199, 12, 0, 0, 0, 0, 0, 3
2, 472, 559, 13, 12, 0, 0, 0, 0, 0, 0, 3
5, 5, 17, 27, 466, 157, 1, 0, 0, 0, 0, 3
9, 560, 1, 12, 3, 17, 3, 0, 0, 0, 0, 3
335, 389, 12, 17, 94, 1, 0, 0, 0, 0, 0, 3
2, 1, 1, 3, 141, 1, 566, 0, 0, 0, 0, 3
232, 96, 17, 12, 52, 6, 87, 567, 0, 0, 0, 3
159, 1, 1, 53, 61, 1, 111, 52, 0, 0, 0, 3
202, 296, 1, 569, 69, 12, 0, 0, 0, 0, 0, 3
2, 44, 2, 44, 13, 24, 0, 0, 0, 0, 0, 3
17, 574, 17, 363, 12, 42, 17, 0, 0, 0, 0, 3
17, 363, 17, 334, 455, 382, 31, 33, 0, 0, 0, 3
43, 476, 12, 13, 163, 577, 0, 0, 0, 0, 0, 3
5, 93, 1, 3, 9, 524, 1, 0, 0, 0, 0, 3
113, 3, 1, 98, 3, 1, 0, 0, 0, 0, 0, 3
2, 1, 1, 9, 1, 588, 12, 0, 0, 0, 0, 3
590, 1, 1, 98, 472, 13, 1, 0, 0, 0, 0, 3
11, 3, 17, 12, 267, 3, 602, 9, 17, 0, 0, 3
113, 4, 1, 13, 263, 13, 67, 0, 0, 0, 0, 3
2, 563, 1, 9, 522, 1, 214, 1, 0, 0, 0, 3
33, 431, 1, 612, 12, 64, 0, 0, 0, 0, 0, 3
2, 17, 1, 88, 12, 44, 12, 3, 1, 0, 0, 3
131, 5, 5, 617, 1, 214, 6, 13, 12, 0, 0, 3
2, 17, 619, 9, 6, 374, 0, 0, 0, 0, 0, 3
266, 2, 2, 510, 623, 6, 0, 0, 0, 0, 0, 3
5, 5, 5, 3, 298, 1, 0, 0, 0, 0, 0, 3
17, 318, 1, 65, 12, 6, 0, 0, 0, 0, 0, 3
116, 5, 17, 12, 3, 6, 6, 77, 0, 0, 0, 3
202, 520, 17, 370, 13, 100, 17, 0, 0, 0, 0, 3
19, 3, 17, 209, 166, 29, 21, 12, 0, 0, 0, 3
17, 86, 1, 1, 1, 13, 42, 163, 0, 0, 0, 3
116, 270, 48, 9, 1, 109, 17, 0, 0, 0, 0, 3
2, 1, 1, 12, 249, 0, 0, 0, 0, 0, 0, 3
2, 17, 393, 73, 110, 12, 0, 0, 0, 0, 0, 3
202, 166, 206, 2, 100, 329, 1, 0, 0, 0, 0, 3
17, 3, 5, 650, 6, 104, 1, 0, 0, 0, 0, 3
17, 17, 17, 88, 6, 9, 17, 0, 0, 0, 0, 3
202, 3, 653, 44, 13, 3, 1, 12, 1, 0, 0, 3
17, 65, 214, 38, 17, 327, 3, 0, 0, 0, 0, 3
33, 33, 33, 65, 13, 27, 283, 64, 0, 0, 0, 3
416, 33, 601, 172, 185, 12, 0, 0, 0, 0, 0, 3
5, 5, 5, 3, 1, 1, 0, 0, 0, 0, 0, 3
5, 496, 12, 12, 3, 69, 84, 44, 0, 0, 0, 3
238, 114, 649, 13, 17, 0, 0, 0, 0, 0, 0, 3
35, 111, 47, 13, 668, 6, 6, 0, 0, 0, 0, 3
257, 6, 17, 27, 1, 13, 269, 0, 0, 0, 0, 3
35, 42, 17, 12, 182, 17, 1, 0, 0, 0, 0, 3
2, 72, 171, 13, 12, 1, 13, 38, 1, 0, 0, 3
234, 116, 650, 9, 12, 17, 677, 6, 0, 0, 0, 3
33, 202, 166, 527, 6, 13, 154, 680, 0, 0, 0, 3
33, 13, 335, 5, 0, 0, 0, 0, 0, 0, 0, 3
5, 9, 690, 12, 31, 467, 329, 12, 0, 0, 0, 3
5, 172, 44, 12, 1, 0, 0, 0, 0, 0, 0, 3
202, 166, 37, 665, 154, 17, 17, 0, 0, 0, 0, 3
699, 690, 3, 2, 653, 1, 0, 0, 0, 0, 0, 3
2, 3, 17, 9, 42, 244, 17, 17, 0, 0, 0, 3
2, 1, 611, 13, 1, 1, 0, 0, 0, 0, 0, 3
174, 1, 1, 3, 476, 12, 0, 0, 0, 0, 0, 3
127, 33, 172, 31, 3, 708, 0, 0, 0, 0, 0, 3
5, 5, 82, 22, 1, 0, 0, 0, 0, 0, 0, 3
156, 5, 5, 31, 17, 710, 711, 1, 0, 0, 0, 3
33, 33, 12, 87, 713, 247, 418, 1, 0, 0, 0, 3
19, 5, 5, 275, 154, 17, 17, 0, 0, 0, 0, 3
43, 5, 5, 138, 1, 4, 13, 17, 0, 0, 0, 3
55, 6, 6, 26, 33, 13, 193, 0, 0, 0, 0, 3
568, 602, 1, 3, 3, 1, 0, 0, 0, 0, 0, 3
35, 722, 6, 34, 514, 42, 17, 0, 0, 0, 0, 3
0, 17, 17, 26, 27, 1, 1, 0, 0, 0, 0, 3
158, 5, 12, 235, 1, 206, 0, 0, 0, 0, 0, 3
2, 12, 17, 65, 2, 12, 729, 0, 0, 0, 0, 3
43, 2, 438, 6, 12, 69, 3, 1, 0, 0, 0, 3
435, 157, 1, 53, 168, 223, 0, 0, 0, 0, 0, 3
474, 17, 17, 68, 6, 219, 6, 52, 0, 0, 0, 3
5, 5, 110, 181, 17, 17, 0, 0, 0, 0, 0, 3
371, 1, 2, 13, 445, 12, 0, 0, 0, 0, 0, 3
39, 141, 1, 86, 1, 12, 0, 0, 0, 0, 0, 3
2, 3, 41, 26, 18, 13, 6, 6, 0, 0, 0, 3
2, 3, 152, 184, 37, 737, 13, 1, 0, 0, 0, 3
234, 738, 267, 3, 1, 89, 0, 0, 0, 0, 0, 3
523, 96, 1, 12, 1, 2, 3, 0, 0, 0, 0, 3
499, 741, 181, 329, 265, 3, 1, 1, 0, 0, 0, 3
266, 13, 12, 98, 185, 10, 0, 0, 0, 0, 0, 3
33, 12, 158, 389, 3, 411, 1, 0, 0, 0, 0, 3
17, 273, 193, 512, 44, 268, 0, 0, 0, 0, 0, 3
527, 33, 33, 44, 219, 6, 0, 0, 0, 0, 0, 3
6, 5, 162, 3, 36, 6, 0, 0, 0, 0, 0, 3
2, 38, 12, 88, 6, 6, 12, 0, 0, 0, 0, 3
73, 92, 2, 9, 6, 0, 0, 0, 0, 0, 0, 3
4, 5, 6, 41, 39, 0, 0, 0, 0, 0, 0, 3
52, 53, 10, 0, 0, 0, 0, 0, 0, 0, 0, 3
62, 63, 10, 64, 0, 0, 0, 0, 0, 0, 0, 3
22, 77, 16, 78, 2, 16, 16, 16, 0, 0, 0, 3
5, 42, 17, 90, 2, 91, 0, 0, 0, 0, 0, 3
22, 95, 16, 104, 105, 72, 0, 0, 0, 0, 0, 3
22, 108, 16, 109, 110, 111, 0, 0, 0, 0, 0, 3
69, 20, 16, 112, 38, 75, 16, 0, 0, 0, 0, 3
22, 113, 16, 114, 31, 51, 113, 0, 0, 0, 0, 3
22, 16, 16, 47, 2, 31, 61, 128, 0, 0, 0, 3
12, 83, 22, 130, 38, 24, 111, 0, 0, 0, 0, 3
22, 16, 16, 29, 0, 0, 0, 0, 0, 0, 0, 3
42, 83, 42, 2, 51, 16, 0, 0, 0, 0, 0, 3
29, 83, 29, 2, 164, 165, 16, 0, 0, 0, 0, 3
171, 83, 29, 172, 173, 31, 16, 35, 0, 0, 0, 3
56, 31, 180, 142, 38, 16, 2, 148, 0, 0, 0, 3
38, 16, 16, 41, 29, 31, 2, 82, 0, 0, 0, 3
223, 16, 16, 13, 2, 31, 16, 0, 0, 0, 0, 3
4, 5, 39, 247, 68, 0, 0, 0, 0, 0, 0, 3
4, 5, 39, 93, 0, 0, 0, 0, 0, 0, 0, 3
2, 272, 273, 56, 27, 0, 0, 0, 0, 0, 0, 3
56, 278, 279, 280, 2, 27, 134, 0, 0, 0, 0, 3
22, 277, 297, 23, 31, 16, 2, 29, 0, 0, 0, 3
319, 64, 98, 322, 0, 0, 0, 0, 0, 0, 0, 3
327, 95, 16, 102, 2, 328, 16, 0, 0, 0, 0, 3
29, 83, 29, 271, 38, 16, 0, 0, 0, 0, 0, 3
22, 332, 16, 102, 333, 39, 0, 0, 0, 0, 0, 3
42, 2, 38, 196, 31, 31, 27, 0, 0, 0, 0, 3
22, 16, 16, 94, 31, 234, 16, 0, 0, 0, 0, 3
5, 42, 42, 107, 72, 72, 0, 0, 0, 0, 0, 3
2, 16, 16, 31, 31, 0, 0, 0, 0, 0, 0, 3
22, 16, 16, 44, 0, 0, 0, 0, 0, 0, 0, 3
22, 85, 16, 93, 0, 0, 0, 0, 0, 0, 0, 3
4, 5, 39, 33, 27, 0, 0, 0, 0, 0, 0, 3
70, 22, 16, 72, 0, 0, 0, 0, 0, 0, 0, 3
70, 176, 16, 72, 0, 0, 0, 0, 0, 0, 0, 3
4, 5, 39, 93, 83, 99, 0, 0, 0, 0, 0, 3
70, 42, 368, 64, 0, 0, 0, 0, 0, 0, 0, 3
70, 42, 42, 120, 72, 50, 16, 0, 0, 0, 0, 3
70, 42, 42, 142, 375, 0, 0, 0, 0, 0, 0, 3
70, 56, 16, 72, 0, 0, 0, 0, 0, 0, 0, 3
70, 42, 60, 13, 207, 260, 0, 0, 0, 0, 0, 3
22, 31, 264, 379, 29, 2, 16, 0, 0, 0, 0, 3
70, 33, 16, 34, 72, 0, 0, 0, 0, 0, 0, 3
70, 42, 42, 240, 394, 2, 16, 0, 0, 0, 0, 3
70, 42, 42, 109, 2, 16, 16, 0, 0, 0, 0, 3
70, 5, 10, 142, 389, 16, 72, 0, 0, 0, 0, 3
358, 100, 38, 144, 42, 0, 0, 0, 0, 0, 0, 3
396, 397, 16, 18, 38, 16, 0, 0, 0, 0, 0, 3
70, 22, 31, 72, 0, 0, 0, 0, 0, 0, 0, 3
56, 416, 35, 41, 2, 16, 0, 0, 0, 0, 0, 3
70, 106, 95, 120, 31, 417, 0, 0, 0, 0, 0, 3
22, 226, 16, 154, 0, 0, 0, 0, 0, 0, 0, 3
42, 83, 343, 266, 39, 0, 0, 0, 0, 0, 0, 3
106, 312, 257, 351, 142, 2, 113, 0, 0, 0, 0, 3
439, 272, 31, 392, 0, 0, 0, 0, 0, 0, 0, 3
22, 31, 31, 49, 0, 0, 0, 0, 0, 0, 0, 3
70, 22, 31, 72, 0, 0, 0, 0, 0, 0, 0, 3
22, 31, 31, 50, 31, 0, 0, 0, 0, 0, 0, 3
223, 31, 31, 63, 145, 31, 0, 0, 0, 0, 0, 3
452, 31, 31, 26, 453, 38, 31, 0, 0, 0, 0, 3
46, 16, 458, 22, 0, 0, 0, 0, 0, 0, 0, 3
22, 296, 95, 461, 31, 0, 0, 0, 0, 0, 0, 3
22, 31, 16, 50, 16, 0, 0, 0, 0, 0, 0, 3
46, 31, 16, 13, 167, 12, 0, 0, 0, 0, 0, 3
106, 95, 31, 13, 29, 222, 0, 0, 0, 0, 0, 3
46, 31, 16, 13, 310, 39, 0, 0, 0, 0, 0, 3
469, 16, 16, 138, 217, 38, 40, 0, 0, 0, 0, 3
474, 31, 16, 26, 38, 31, 475, 0, 0, 0, 0, 3
22, 83, 22, 266, 39, 2, 117, 0, 0, 0, 0, 3
42, 83, 17, 266, 39, 2, 117, 0, 0, 0, 0, 3
46, 31, 16, 13, 22, 38, 27, 27, 456, 0, 0, 3
29, 50, 113, 93, 93, 0, 0, 0, 0, 0, 0, 3
327, 16, 493, 26, 82, 0, 0, 0, 0, 0, 0, 3
70, 106, 408, 72, 0, 0, 0, 0, 0, 0, 0, 3
22, 83, 42, 511, 167, 16, 0, 0, 0, 0, 0, 3
42, 83, 402, 531, 38, 16, 0, 0, 0, 0, 0, 3
176, 27, 31, 2, 16, 16, 0, 0, 0, 0, 0, 3
22, 31, 16, 23, 53, 21, 0, 0, 0, 0, 0, 3
56, 31, 541, 120, 53, 16, 0, 0, 0, 0, 0, 3
69, 16, 16, 112, 2, 134, 0, 0, 0, 0, 0, 3
22, 16, 61, 23, 544, 134, 0, 0, 0, 0, 0, 3
201, 296, 561, 102, 38, 16, 0, 0, 0, 0, 0, 3
148, 83, 82, 531, 207, 27, 27, 0, 0, 0, 0, 3
429, 206, 16, 22, 38, 568, 0, 0, 0, 0, 0, 3
29, 55, 16, 23, 38, 82, 0, 0, 0, 0, 0, 3
452, 572, 16, 26, 72, 122, 0, 0, 0, 0, 0, 3
22, 24, 27, 63, 39, 575, 0, 0, 0, 0, 0, 3
569, 16, 16, 112, 88, 31, 127, 0, 0, 0, 0, 3
69, 299, 16, 100, 39, 579, 0, 0, 0, 0, 0, 3
22, 31, 31, 18, 31, 24, 27, 0, 0, 0, 0, 3
22, 16, 31, 142, 167, 31, 0, 0, 0, 0, 0, 3
106, 296, 571, 581, 39, 0, 0, 0, 0, 0, 0, 3
70, 10, 42, 63, 2, 75, 122, 0, 0, 0, 0, 3
201, 31, 16, 109, 38, 0, 0, 0, 0, 0, 0, 3
305, 29, 378, 97, 39, 0, 0, 0, 0, 0, 0, 3
22, 31, 607, 274, 2, 21, 0, 0, 0, 0, 0, 3
22, 16, 16, 18, 167, 549, 0, 0, 0, 0, 0, 3
449, 16, 16, 142, 228, 16, 0, 0, 0, 0, 0, 3
22, 29, 16, 41, 38, 16, 0, 0, 0, 0, 0, 3
106, 16, 16, 107, 29, 29, 0, 0, 0, 0, 0, 3
108, 83, 29, 172, 300, 31, 625, 0, 0, 0, 0, 3
4, 5, 6, 41, 39, 0, 0, 0, 0, 0, 0, 3
19, 9, 1, 3, 12, 20, 0, 0, 0, 0, 0, 3
51, 2, 52, 21, 53, 54, 21, 0, 0, 0, 0, 3
55, 6, 6, 56, 13, 3, 57, 1, 0, 0, 0, 3
113, 1, 1, 3, 114, 0, 0, 0, 0, 0, 0, 3
116, 12, 48, 12, 34, 13, 1, 3, 1, 0, 0, 3
0, 1, 182, 183, 184, 29, 185, 166, 0, 0, 0, 3
200, 9, 6, 201, 202, 166, 3, 0, 0, 0, 0, 3
113, 12, 12, 211, 34, 13, 212, 0, 0, 0, 0, 3
2, 6, 3, 3, 13, 12, 0, 0, 0, 0, 0, 3
55, 6, 3, 1, 9, 3, 3, 0, 0, 0, 0, 3
2, 3, 1, 12, 65, 12, 83, 0, 0, 0, 0, 3
158, 5, 110, 12, 12, 80, 271, 33, 0, 0, 0, 3
125, 41, 17, 2, 2, 164, 33, 33, 0, 0, 0, 3
72, 2, 3, 17, 88, 239, 13, 3, 0, 0, 0, 3
240, 235, 2, 305, 284, 2, 0, 0, 0, 0, 0, 3
2, 6, 306, 1, 3, 1, 13, 4, 0, 0, 0, 3
134, 49, 3, 3, 13, 327, 1, 0, 0, 0, 0, 3
2, 329, 6, 6, 45, 12, 3, 41, 2, 0, 0, 3
258, 333, 12, 12, 62, 334, 12, 1, 0, 0, 0, 3
356, 1, 15, 362, 277, 0, 0, 0, 0, 0, 0, 3
5, 5, 5, 82, 0, 0, 0, 0, 0, 0, 0, 3
247, 12, 17, 214, 154, 141, 1, 0, 0, 0, 0, 3
2, 12, 5, 392, 0, 0, 0, 0, 0, 0, 0, 3
73, 6, 12, 12, 264, 44, 12, 3, 1, 0, 0, 3
2, 3, 1, 1, 168, 6, 0, 0, 0, 0, 0, 3
2, 141, 1, 3, 0, 0, 0, 0, 0, 0, 0, 3
2, 447, 84, 448, 449, 2, 17, 17, 0, 0, 0, 3
46, 165, 64, 3, 13, 3, 33, 0, 0, 0, 0, 3
466, 467, 1, 12, 431, 12, 6, 0, 0, 0, 0, 3
474, 3, 475, 2, 45, 12, 57, 0, 0, 0, 0, 3
17, 17, 1, 143, 378, 13, 17, 17, 0, 0, 0, 3
17, 72, 3, 64, 12, 23, 482, 21, 0, 0, 0, 3
33, 2, 3, 17, 42, 42, 1, 0, 0, 0, 0, 3
455, 2, 12, 96, 1, 508, 33, 0, 0, 0, 0, 3
2, 44, 13, 64, 9, 193, 0, 0, 0, 0, 0, 3
158, 5, 182, 1, 162, 12, 1, 0, 0, 0, 0, 3
200, 115, 6, 267, 3, 80, 56, 0, 0, 0, 0, 3
17, 444, 6, 44, 184, 71, 339, 13, 166, 0, 0, 3
5, 531, 1, 33, 149, 520, 152, 0, 0, 0, 0, 3
17, 17, 326, 228, 80, 510, 17, 0, 0, 0, 0, 3
1, 33, 12, 166, 164, 21, 0, 0, 0, 0, 0, 3
2, 17, 536, 1, 0, 0, 0, 0, 0, 0, 0, 3
12, 5, 267, 229, 17, 537, 17, 537, 3, 0, 0, 3
573, 13, 12, 17, 2, 17, 0, 0, 0, 0, 0, 3
2, 141, 1, 350, 12, 13, 3, 6, 0, 0, 0, 3
240, 82, 17, 17, 586, 5, 3, 467, 0, 0, 0, 3
174, 265, 1, 1, 589, 13, 0, 0, 0, 0, 0, 3
257, 76, 1, 314, 594, 1, 0, 0, 0, 0, 0, 3
174, 1, 13, 207, 9, 100, 17, 0, 0, 0, 0, 3
5, 2, 17, 12, 13, 27, 245, 0, 0, 0, 0, 3
343, 33, 33, 370, 13, 166, 324, 12, 0, 0, 0, 3
17, 17, 12, 17, 608, 258, 12, 335, 0, 0, 0, 3
73, 5, 31, 1, 2, 292, 613, 0, 0, 0, 0, 3
17, 12, 28, 21, 12, 268, 0, 0, 0, 0, 0, 3
21, 12, 12, 12, 0, 0, 0, 0, 0, 0, 0, 3
33, 61, 269, 615, 6, 13, 165, 17, 17, 0, 0, 3
33, 287, 13, 1, 370, 409, 17, 0, 0, 0, 0, 3
158, 110, 3, 17, 12, 207, 0, 0, 0, 0, 0, 3
158, 5, 5, 5, 13, 175, 17, 0, 0, 0, 0, 3
174, 3, 642, 12, 13, 1, 643, 0, 0, 0, 0, 3
2, 17, 1, 17, 31, 3, 0, 0, 0, 0, 0, 3
455, 2, 13, 249, 382, 21, 0, 0, 0, 0, 0, 3
82, 5, 13, 12, 13, 3, 3, 0, 0, 0, 0, 3
656, 3, 657, 3, 22, 1, 230, 658, 0, 0, 0, 3
43, 17, 537, 17, 537, 149, 506, 64, 12, 0, 0, 3
147, 21, 12, 6, 267, 166, 245, 0, 0, 0, 0, 3
2, 265, 1, 2, 13, 17, 0, 0, 0, 0, 0, 3
5, 298, 17, 182, 165, 66, 0, 0, 0, 0, 0, 3
12, 13, 165, 166, 6, 3, 13, 674, 0, 0, 0, 3
2, 6, 12, 12, 6, 69, 164, 465, 0, 0, 0, 3
17, 171, 17, 3, 265, 638, 0, 0, 0, 0, 0, 3
174, 38, 42, 17, 684, 143, 12, 0, 0, 0, 0, 3
11, 12, 42, 193, 87, 2, 3, 6, 0, 0, 0, 3
35, 6, 3, 330, 3, 17, 17, 0, 0, 0, 0, 3
259, 191, 12, 1, 3, 1, 0, 0, 0, 0, 0, 3
174, 23, 512, 169, 33, 49, 17, 17, 0, 0, 0, 3
716, 13, 27, 475, 53, 12, 480, 17, 0, 0, 0, 3
127, 13, 1, 1, 1, 721, 0, 0, 0, 0, 0, 3
2, 17, 727, 728, 9, 44, 0, 0, 0, 0, 0, 3
147, 21, 12, 719, 13, 296, 1, 12, 0, 0, 0, 3
33, 202, 76, 1, 184, 37, 13, 1, 0, 0, 0, 3
17, 17, 17, 6, 17, 3, 0, 0, 0, 0, 0, 3
35, 744, 745, 182, 3, 602, 0, 0, 0, 0, 0, 3
2, 165, 166, 206, 9, 223, 3, 0, 0, 0, 0, 3
2, 59, 1, 1, 0, 0, 0, 0, 0, 0, 0, 3
4, 5, 6, 7, 1, 8, 2, 9, 0, 0, 0, 3
4, 5, 39, 39, 154, 0, 0, 0, 0, 0, 0, 3
22, 16, 2, 29, 23, 300, 16, 0, 0, 0, 0, 3
239, 2, 31, 16, 23, 39, 0, 0, 0, 0, 0, 3
70, 13, 2, 16, 0, 0, 0, 0, 0, 0, 0, 3
70, 46, 31, 16, 29, 31, 0, 0, 0, 0, 0, 3
70, 22, 326, 16, 0, 0, 0, 0, 0, 0, 0, 3
52, 112, 204, 264, 0, 0, 0, 0, 0, 0, 0, 3
70, 42, 83, 42, 266, 412, 0, 0, 0, 0, 0, 3
62, 107, 262, 60, 2, 182, 0, 0, 0, 0, 0, 3
62, 423, 424, 42, 72, 72, 0, 0, 0, 0, 0, 3
22, 31, 2, 31, 0, 0, 0, 0, 0, 0, 0, 3
29, 51, 31, 16, 49, 0, 0, 0, 0, 0, 0, 3
42, 42, 13, 39, 72, 0, 0, 0, 0, 0, 0, 3
42, 83, 42, 56, 489, 16, 0, 0, 0, 0, 0, 3
62, 120, 42, 42, 39, 0, 0, 0, 0, 0, 0, 3
22, 16, 2, 523, 2, 16, 0, 0, 0, 0, 0, 3
70, 176, 16, 16, 63, 2, 143, 55, 122, 0, 0, 3
17, 75, 6, 12, 13, 76, 0, 0, 0, 0, 0, 3
5, 13, 1, 1, 3, 13, 1, 1, 0, 0, 0, 3
174, 175, 176, 1, 2, 172, 17, 177, 44, 0, 0, 3
2, 261, 6, 262, 3, 100, 17, 0, 0, 0, 0, 3
5, 13, 165, 166, 245, 0, 0, 0, 0, 0, 0, 3
5, 5, 267, 3, 3, 1, 0, 0, 0, 0, 0, 3
73, 278, 279, 3, 4, 3, 1, 280, 12, 0, 0, 3
2, 4, 2, 302, 2, 0, 0, 0, 0, 0, 0, 3
17, 17, 3, 124, 12, 26, 345, 0, 0, 0, 0, 3
200, 13, 59, 1, 1, 13, 288, 193, 0, 0, 0, 3
2, 421, 1, 1, 17, 0, 0, 0, 0, 0, 0, 3
73, 12, 6, 12, 3, 3, 1, 0, 0, 0, 0, 3
202, 283, 1, 1, 12, 0, 0, 0, 0, 0, 0, 3
200, 3, 17, 13, 1, 13, 12, 0, 0, 0, 0, 3
466, 12, 23, 17, 326, 13, 4, 0, 0, 0, 0, 3
2, 6, 17, 3, 3, 13, 1, 519, 0, 0, 0, 3
110, 5, 13, 17, 115, 13, 6, 0, 0, 0, 0, 3
134, 13, 3, 70, 17, 42, 6, 6, 0, 0, 0, 3
33, 33, 9, 17, 12, 13, 115, 12, 0, 0, 0, 3
568, 1, 3, 57, 3, 68, 56, 0, 0, 0, 0, 3
455, 59, 6, 12, 12, 370, 6, 44, 0, 0, 0, 3
579, 283, 335, 21, 21, 29, 204, 6, 0, 0, 0, 3
2, 23, 1, 1, 1, 0, 0, 0, 0, 0, 0, 3
595, 1, 1, 596, 1, 9, 21, 21, 0, 0, 0, 3
33, 44, 15, 3, 600, 0, 0, 0, 0, 0, 0, 3
5, 553, 5, 82, 89, 0, 0, 0, 0, 0, 0, 3
5, 620, 6, 3, 17, 337, 17, 0, 0, 0, 0, 3
2, 3, 12, 626, 12, 0, 0, 0, 0, 0, 0, 3
33, 2, 265, 12, 21, 13, 4, 0, 0, 0, 0, 3
376, 662, 17, 17, 1, 0, 0, 0, 0, 0, 0, 3
2, 3, 2, 115, 235, 1, 214, 524, 0, 0, 0, 3
240, 13, 3, 286, 3, 13, 163, 0, 0, 0, 0, 3
2, 23, 6, 3, 17, 214, 64, 546, 1, 0, 0, 3
403, 283, 6, 6, 111, 0, 0, 0, 0, 0, 0, 3
174, 458, 13, 38, 1, 12, 12, 6, 6, 0, 0, 3
55, 6, 267, 3, 166, 0, 0, 0, 0, 0, 0, 3
595, 183, 3, 1, 1, 703, 21, 2, 0, 0, 0, 3
504, 13, 27, 12, 3, 3, 400, 6, 0, 0, 0, 3
2, 3, 13, 712, 1, 275, 165, 320, 0, 0, 0, 3
35, 17, 496, 17, 12, 0, 0, 0, 0, 0, 0, 3
202, 3, 1, 1, 6, 44, 0, 0, 0, 0, 0, 3
2, 146, 13, 165, 166, 13, 6, 96, 143, 0, 0, 3
2, 6, 13, 506, 64, 13, 17, 0, 0, 0, 0, 3
5, 5, 5, 13, 6, 12, 12, 0, 0, 0, 0, 3
174, 6, 597, 3, 3, 0, 0, 0, 0, 0, 0, 3
247, 42, 3, 524, 12, 0, 0, 0, 0, 0, 0, 3
5, 13, 68, 13, 69, 12, 0, 0, 0, 0, 0, 3
131, 5, 9, 12, 132, 1, 133, 3, 17, 0, 0, 3
174, 3, 17, 15, 13, 1, 0, 0, 0, 0, 0, 3
35, 27, 6, 6, 3, 1, 0, 0, 0, 0, 0, 3
55, 6, 6, 13, 3, 12, 0, 0, 0, 0, 0, 3
5, 116, 338, 3, 12, 12, 3, 1, 0, 0, 0, 3
17, 395, 12, 396, 12, 12, 0, 0, 0, 0, 0, 3
450, 6, 12, 1, 12, 3, 0, 0, 0, 0, 0, 3
134, 13, 3, 165, 1, 12, 0, 0, 0, 0, 0, 3
266, 33, 62, 9, 59, 1, 0, 0, 0, 0, 0, 3
17, 2, 528, 17, 529, 508, 0, 0, 0, 0, 0, 3
247, 3, 530, 163, 1, 1, 0, 0, 0, 0, 0, 3
5, 87, 592, 216, 3, 269, 0, 0, 0, 0, 0, 3
12, 72, 13, 1, 1, 3, 0, 0, 0, 0, 0, 3
17, 17, 71, 3, 3, 1, 0, 0, 0, 0, 0, 3
35, 1, 1, 1, 13, 17, 17, 0, 0, 0, 0, 3
17, 3, 12, 3, 96, 17, 0, 0, 0, 0, 0, 3
200, 13, 23, 1, 13, 124, 0, 0, 0, 0, 0, 3
5, 110, 94, 17, 2, 374, 0, 0, 0, 0, 0, 3
116, 5, 12, 3, 635, 223, 0, 0, 0, 0, 0, 3
5, 5, 172, 318, 645, 3, 0, 0, 0, 0, 0, 3
2, 516, 1, 17, 451, 68, 0, 0, 0, 0, 0, 3
5, 659, 612, 33, 1, 299, 0, 0, 0, 0, 0, 3
2, 4, 9, 4, 109, 17, 0, 0, 0, 0, 0, 3
583, 89, 71, 310, 17, 3, 0, 0, 0, 0, 0, 3
202, 84, 69, 3, 3, 673, 172, 195, 0, 0, 0, 3
2, 1, 49, 17, 17, 675, 676, 12, 0, 0, 0, 3
43, 13, 59, 21, 44, 6, 0, 0, 0, 0, 0, 3
174, 1, 1, 467, 1, 12, 0, 0, 0, 0, 0, 3
19, 688, 3, 6, 1, 1, 0, 0, 0, 0, 0, 3
326, 2, 696, 199, 3, 89, 0, 0, 0, 0, 0, 3
12, 17, 364, 44, 13, 17, 0, 0, 0, 0, 0, 3
42, 3, 414, 17, 124, 0, 0, 0, 0, 0, 0, 3
2, 154, 80, 13, 292, 21, 0, 0, 0, 0, 0, 3
174, 3, 13, 42, 6, 52, 12, 17, 0, 0, 0, 3
733, 3, 6, 13, 443, 17, 537, 17, 537, 1, 0, 3
50, 12, 1, 12, 12, 6, 6, 0, 0, 0, 0, 3
35, 6, 96, 1, 13, 3, 17, 0, 0, 0, 0, 3
2, 1, 12, 163, 12, 214, 17, 0, 0, 0, 0, 3
17, 199, 88, 21, 12, 3, 1, 0, 0, 0, 0, 3
234, 270, 13, 225, 1, 21, 481, 0, 0, 0, 0, 3
579, 283, 335, 230, 510, 323, 287, 0, 0, 0, 0, 3
583, 270, 12, 98, 207, 12, 584, 0, 0, 0, 0, 3
2, 585, 370, 6, 6, 3, 1, 0, 0, 0, 0, 3
186, 187, 172, 3, 3, 2, 98, 0, 0, 0, 0, 3
5, 5, 5, 398, 71, 61, 166, 0, 0, 0, 0, 3
2, 17, 3, 17, 627, 12, 284, 0, 0, 0, 0, 3
5, 203, 15, 44, 45, 44, 44, 0, 0, 0, 0, 3
174, 6, 6, 71, 157, 13, 64, 0, 0, 0, 0, 3
620, 12, 2, 671, 49, 17, 17, 0, 0, 0, 0, 3
2, 726, 98, 472, 1, 13, 12, 0, 0, 0, 0, 3
623, 3, 1, 1, 12, 1, 1, 0, 0, 0, 0, 3
43, 110, 65, 2, 335, 735, 44, 0, 0, 0, 0, 3
12, 34, 61, 153, 1, 13, 154, 155, 0, 0, 0, 3
35, 6, 72, 2, 17, 26, 51, 33, 0, 0, 0, 3
5, 5, 34, 9, 244, 165, 166, 245, 0, 0, 0, 3
33, 3, 143, 346, 1, 12, 105, 3, 0, 0, 0, 3
202, 6, 3, 17, 388, 6, 169, 389, 0, 0, 0, 3
257, 5, 264, 399, 400, 3, 6, 17, 0, 0, 0, 3
257, 23, 12, 21, 9, 10, 1, 1, 0, 0, 0, 3
202, 1, 3, 67, 42, 67, 533, 10, 0, 0, 0, 3
444, 4, 373, 44, 493, 13, 17, 17, 0, 0, 0, 3
156, 12, 145, 31, 17, 3, 13, 163, 0, 0, 0, 3
371, 17, 2, 22, 12, 681, 3, 17, 0, 0, 0, 3
5, 5, 88, 162, 1, 706, 3, 17, 0, 0, 0, 3
134, 12, 13, 3, 57, 13, 17, 17, 0, 0, 0, 3
5, 82, 337, 3, 1, 1, 1, 0, 0, 0, 0, 3
202, 154, 6, 3, 648, 653, 345, 339, 0, 0, 0, 3
156, 249, 2, 12, 250, 13, 251, 17, 252, 0, 0, 3
2, 331, 3, 332, 120, 89, 104, 17, 56, 0, 0, 3
43, 37, 368, 443, 53, 21, 17, 17, 17, 0, 0, 3
2, 321, 1, 1, 13, 506, 12, 213, 327, 0, 0, 3
33, 85, 12, 17, 12, 86, 1, 0, 0, 0, 0, 3
127, 128, 54, 21, 13, 100, 1, 17, 0, 0, 0, 3
13, 3, 6, 129, 0, 0, 0, 0, 0, 0, 0, 3
33, 2, 13, 27, 152, 89, 0, 0, 0, 0, 0, 3
17, 17, 6, 3, 9, 1, 161, 162, 163, 0, 0, 3
170, 17, 171, 13, 42, 10, 2, 17, 0, 0, 0, 3
12, 62, 188, 189, 190, 60, 17, 0, 0, 0, 0, 3
12, 203, 204, 33, 205, 206, 0, 0, 0, 0, 0, 3
17, 172, 222, 3, 13, 3, 1, 0, 0, 0, 0, 3
17, 26, 33, 9, 224, 1, 0, 0, 0, 0, 0, 3
17, 17, 172, 226, 1, 1, 3, 0, 0, 0, 0, 3
4, 26, 6, 6, 233, 3, 1, 0, 0, 0, 0, 3
87, 2, 255, 17, 13, 17, 3, 0, 0, 0, 0, 3
33, 2, 2, 1, 12, 0, 0, 0, 0, 0, 0, 3
13, 12, 21, 22, 293, 294, 0, 0, 0, 0, 0, 3
17, 26, 117, 319, 12, 1, 1, 0, 0, 0, 0, 3
33, 33, 172, 2, 0, 0, 0, 0, 0, 0, 0, 3
12, 4, 3, 9, 163, 0, 0, 0, 0, 0, 0, 3
4, 2, 17, 6, 49, 329, 154, 6, 6, 0, 0, 3
12, 342, 343, 33, 12, 225, 13, 17, 0, 0, 0, 3
164, 344, 3, 44, 13, 17, 0, 0, 0, 0, 0, 3
4, 37, 3, 12, 1, 3, 0, 0, 0, 0, 0, 3
45, 368, 12, 0, 0, 0, 0, 0, 0, 0, 0, 3
2, 12, 235, 1, 13, 369, 1, 1, 0, 0, 0, 3
17, 53, 6, 6, 12, 372, 1, 373, 0, 0, 0, 3
13, 1, 87, 128, 12, 1, 1, 0, 0, 0, 0, 3
4, 12, 235, 27, 1, 1, 0, 0, 0, 0, 0, 3
0, 17, 34, 185, 1, 17, 13, 394, 0, 0, 0, 3
2, 164, 72, 443, 87, 98, 17, 17, 44, 0, 0, 3
17, 17, 54, 229, 6, 168, 1, 96, 17, 0, 0, 3
17, 172, 149, 1, 456, 12, 0, 0, 0, 0, 0, 3
258, 2, 267, 459, 1, 13, 154, 335, 0, 0, 0, 3
17, 34, 44, 6, 6, 473, 2, 1, 0, 0, 0, 3
17, 2, 480, 17, 290, 17, 162, 163, 0, 0, 0, 3
17, 88, 17, 3, 57, 162, 163, 0, 0, 0, 0, 3
17, 53, 12, 6, 6, 162, 163, 0, 0, 0, 0, 3
62, 12, 423, 12, 485, 12, 219, 2, 0, 0, 0, 3
17, 34, 86, 12, 17, 3, 3, 0, 0, 0, 0, 3
499, 88, 500, 6, 98, 12, 1, 3, 0, 0, 0, 3
2, 17, 17, 9, 17, 17, 100, 17, 0, 0, 0, 3
17, 164, 122, 3, 13, 17, 17, 12, 0, 0, 0, 3
12, 37, 13, 10, 157, 12, 0, 0, 0, 0, 0, 3
53, 100, 17, 44, 15, 9, 163, 555, 0, 0, 0, 3
119, 26, 6, 44, 15, 162, 163, 0, 0, 0, 0, 3
13, 12, 70, 1, 0, 0, 0, 0, 0, 0, 0, 3
33, 2, 339, 1, 324, 17, 17, 0, 0, 0, 0, 3
33, 17, 363, 606, 298, 17, 0, 0, 0, 0, 0, 3
17, 12, 3, 283, 1, 223, 96, 17, 0, 0, 0, 3
164, 611, 13, 175, 17, 17, 0, 0, 0, 0, 0, 3
13, 1, 87, 614, 9, 154, 1, 209, 166, 0, 0, 3
62, 627, 275, 13, 36, 1, 1, 0, 0, 0, 0, 3
17, 12, 628, 6, 6, 235, 3, 141, 1, 0, 0, 3
17, 26, 17, 17, 621, 630, 33, 51, 0, 0, 0, 3
17, 26, 17, 13, 1, 17, 65, 631, 21, 0, 0, 3
12, 72, 17, 12, 275, 508, 632, 0, 0, 0, 0, 3
17, 65, 636, 637, 46, 638, 0, 0, 0, 0, 0, 3
37, 465, 13, 17, 0, 0, 0, 0, 0, 0, 0, 3
72, 374, 1, 0, 0, 0, 0, 0, 0, 0, 0, 3
98, 100, 42, 163, 95, 652, 0, 0, 0, 0, 0, 3
4, 65, 663, 13, 265, 1, 13, 1, 0, 0, 0, 3
17, 17, 13, 115, 530, 6, 6, 0, 0, 0, 0, 3
291, 171, 13, 6, 115, 13, 6, 0, 0, 0, 0, 3
30, 88, 284, 9, 1, 1, 17, 0, 0, 0, 0, 3
17, 87, 12, 299, 17, 17, 17, 0, 0, 0, 0, 3
9, 283, 393, 1, 13, 3, 64, 0, 0, 0, 0, 3
17, 87, 686, 480, 17, 13, 3, 1, 0, 0, 0, 3
45, 17, 17, 72, 12, 1, 1, 0, 0, 0, 0, 3
17, 172, 12, 17, 533, 21, 0, 0, 0, 0, 0, 3
17, 88, 33, 9, 163, 95, 17, 17, 0, 0, 0, 3
17, 12, 64, 13, 244, 17, 17, 0, 0, 0, 0, 3
17, 164, 61, 3, 1, 12, 0, 0, 0, 0, 0, 3
13, 510, 33, 149, 154, 17, 17, 0, 0, 0, 0, 3
5, 2, 170, 1, 3, 13, 76, 0, 0, 0, 0, 3
620, 146, 13, 17, 9, 261, 6, 0, 0, 0, 0, 3
17, 12, 223, 13, 12, 0, 0, 0, 0, 0, 0, 3
441, 65, 2, 6, 736, 81, 6, 0, 0, 0, 0, 3
739, 164, 254, 1, 13, 3, 166, 0, 0, 0, 0, 3
164, 335, 740, 111, 9, 76, 1, 3, 0, 0, 0, 3
71, 352, 33, 61, 166, 0, 0, 0, 0, 0, 0, 3
17, 88, 17, 13, 7, 21, 0, 0, 0, 0, 0, 3
17, 29, 363, 17, 17, 37, 5, 0, 0, 0, 0, 3
33, 370, 298, 1, 749, 1, 0, 0, 0, 0, 0, 3
17, 98, 318, 414, 96, 183, 1, 0, 0, 0, 0, 3
12, 6, 510, 287, 339, 750, 751, 0, 0, 0, 0, 3